5.061715 1.758348 5.231295 1.533649 4.734636 0.272882 7.428734 -1.314656 6.388504 -1.413252 6.791299 0.387407 8.619086 0.304609 4.631595 1.137027 7.826087 0.234855 5.491984 -0.078483 6.823896 0.137727 8.176641 -0.252950 8.427874 0.170647 6.907223 -0.246348
4.141070 0.493173 8.822832 -2.465885 6.297215 -1.956831 5.398836 2.373907 8.032290 -0.170786 6.115749 1.174097 5.837639 -2.600216 7.742907 0.291664 5.885758 1.394967 6.246539 -2.476633 5.473604 -1.816629 6.453202 1.314524 4.881371 0.709189 4.979972 1.130010
6.692344 -2.103947 8.552759 0.067243 5.996766 -0.839691 5.817058 0.767863 4.849300 -0.274737 7.089696 -2.242676 3.773945 -2.254701 2.002148 0.489881 6.915644 -0.584718 6.872308 -0.406090 7.943702 -1.929353 4.128364 -0.340254 8.395110 -0.567185 3.779986 -1.402928
6.078953 1.292901 6.479420 -0.045402 6.261502 -2.565180 4.733525 -2.608324 8.166705 -0.529200 6.333983 -0.308176 6.150965 -1.913967 6.879587 -3.242961 8.132133 0.122226 5.213112 -3.286042 3.257536 -0.203392 7.928483 -4.683567 5.383026 -1.285436 6.201169 -0.812705
6.628817 -2.315194 6.481261 -2.072088 4.941024 0.577938 3.981202 -2.589010 5.754892 -3.932513 3.940870 -3.203392 8.214257 -2.888489 7.090101 0.512109 6.557378 -2.971670 4.750719 -0.133940 3.891419 -3.142170 3.974052 -2.865384 6.639039 -1.106928 5.780770 -0.057123
6.819296 -3.297907 5.110905 -3.580904 6.995726 -1.662861 6.191533 -2.595278 5.343497 -3.733857 4.887619 -0.939853 3.969218 -2.603109 3.975278 -3.049385 6.698331 -3.373086 6.241021 -1.966438 6.022532 -3.131810 3.570571 -1.209682 4.330848 -5.019291 5.122004 -2.823802
5.039719 0.215583 4.674027 -2.783219 4.731769 -5.896205 4.857493 -1.258658 6.414158 -4.035136 5.363940 -4.793957 6.058903 -3.150154 6.193005 -1.124313 5.385496 -2.010284 6.035852 -4.575855 5.949127 -2.795391 5.192880 -4.540987 4.468705 -2.932469 1.891936 -3.748272
5.395330 -5.832602 7.015918 -1.132592 4.379300 -3.494152 5.946300 -2.890195 3.548214 -5.327086 1.875865 -2.790490 4.863887 -2.972471 2.480162 -4.160919 3.107835 -3.765331 5.638785 -4.665982 2.756356 -3.925110 4.530600 -3.210143 4.893129 -4.493729 3.917404 -7.785460
4.808783 -3.338859 1.341767 -6.060331 4.745226 -6.796745 2.204648 -5.773650 4.730039 -7.100087 1.544803 -6.873684 5.063368 -3.113739 5.710959 -4.368434 2.830288 -7.000653 2.143455 -4.241006 2.175213 -5.855357 2.571445 -6.227055 5.047177 -5.096683 4.488481 -6.583266
3.387625 -4.716145 3.438533 -7.074217 3.054170 -4.924839 1.106079 -6.270497 1.358626 -4.935487 4.044947 -5.585756 3.383171 -7.306535 2.287144 -5.071309 4.229769 -6.833389 3.165594 -4.767635 -0.530807 -6.042597 -1.020864 -5.684249 1.034468 -6.341066 4.901917 -7.436192
3.017907 -4.253782 1.710866 -6.490843 1.181136 -7.634735 4.545551 -4.735474 0.075893 -8.037401 0.785035 -7.336611 1.527474 -5.304872 1.626862 -6.030614 2.291319 -7.554835 -0.107582 -7.261771 0.362168 -5.871930 -0.556756 -7.695737 0.177682 -6.364763 -2.869030 -3.852746
0.581522 -5.832528 -1.710414 -3.056080 -1.956999 -6.490111 -0.041725 -4.355252 0.480035 -5.964775 0.947649 -6.578687 0.493915 -7.778550 0.407346 -8.071578 -3.064416 -8.700449 -1.160889 -7.896777 -3.535277 -6.037786 -2.847938 -6.720686 -2.100346 -4.776788 -0.464563 -7.790125
-0.657845 -6.610460 0.605974 -5.875430 -0.856525 -5.316096 -3.009303 -4.716862 -2.034248 -8.232833 -3.468223 -5.914575 -3.615892 -6.218286 -1.459113 -5.808451 -2.063679 -6.629964 -2.781776 -5.602416 -3.712778 -7.807704 -3.882455 -5.123120 -3.550997 -4.015670 -2.990600 -6.957349
-2.610167 -3.875334 -5.809095 -4.239635 -3.836562 -5.838119 -3.480938 -2.777627 -2.711084 -4.067711 -7.401786 -4.216830 -5.179557 -4.444559 -5.730713 -4.798910 -6.410723 -2.637162 -5.527172 -4.542037 -5.373541 -3.581784 -7.742062 -5.440545 -2.529084 -5.250158 -5.752092 -5.035611
-5.237031 -4.024274 -4.219497 -1.124164 -5.761600 -4.721501 -5.261736 -4.412694 -5.629186 -3.285015 -3.892313 -2.328076 -8.331006 -1.611680 -6.064756 -2.904202 -7.189574 -3.816199 -5.289835 -2.803237 -5.877856 -0.820847 -5.647622 -1.589427 -5.060661 -1.857202 -6.571247 -2.069293
-5.255814 -2.669181 -2.214116 -1.467215 -6.542394 -2.992418 -5.575974 -0.481534 -4.826109 -0.933992 -4.802899 -0.020535 -5.485362 -2.501479 -5.598002 2.442737 -7.397384 -0.334154 -6.436720 0.042851 -7.824193 -1.585482 -7.786563 0.779944 -6.293577 1.801436 -5.337999 -0.100367
-8.729396 0.661524 -5.222371 1.717540 -8.305358 1.502145 -5.800581 1.661354 -2.968481 4.034438 -7.344777 -0.131264 -9.208240 2.117262 -3.945730 3.516145 -5.810538 2.393054 -4.687079 1.864636 -6.854383 1.442079 -5.838479 3.306899 -5.154844 4.162666 -4.976367 3.106010
-2.825496 4.866932 -2.727192 4.653848 -6.284919 5.075361 -7.245908 4.435582 -6.578208 6.107858 -4.553761 0.882424 -5.983495 7.142860 -3.044260 6.013635 -3.145664 4.099445 -2.664692 4.857169 -4.740599 7.163949 -4.507059 5.819807 -3.333299 3.841560 -3.087790 8.345994
-1.508162 3.696869 -2.879708 7.341896 -2.029153 6.700437 -2.990996 5.420171 -3.035334 6.398309 -2.771996 8.726153 -3.650816 4.201865 0.987876 4.919441 0.705154 7.284921 -2.299203 5.819660 -1.593903 7.807031 -0.936311 8.197129 -2.014069 6.911558 -1.516927 7.289478
-0.363867 7.403956 -1.627488 5.725307 0.529616 6.675257 -0.085954 4.236521 0.322460 7.397295 -2.089531 5.545781 1.381591 7.093024 2.398596 7.209243 -0.441200 4.046702 1.515702 5.014580 -0.222269 3.407077 1.427982 3.830102 1.377341 5.835996 3.392285 5.465502
3.627444 5.258691 5.203439 8.027512 5.811168 5.982258 4.957613 5.186501 5.057651 5.880881 3.322264 6.083183 5.486820 4.397773 4.110832 5.404013 6.297255 8.334109 5.464290 3.787678 4.028778 2.389755 3.083385 3.957859 5.205080 3.830032 4.204501 2.619897
6.084968 3.207882 5.806843 4.432849 4.853924 4.046705 4.370192 4.337963 4.298678 2.248624 4.319741 3.326417 3.904607 2.131497 5.472347 -0.197275 6.342544 2.506793 8.593686 0.492183 5.788795 1.988093 6.048899 1.861878 6.371088 -1.435739 7.970585 -0.514093
3.558079 -0.303725 6.706993 -0.983744 3.704525 -3.207593 4.885201 0.141076 7.469944 0.819440 7.493011 -2.489093 5.563849 -2.698338 5.361910 1.594392 7.752780 -3.490301 3.574751 -1.384943 6.799625 -4.649430 7.135230 -2.999094 4.995734 -5.102418 3.575570 -3.036770
6.063724 -2.064131 4.635807 -6.939805 7.052506 -5.172722 3.843508 -5.972889 2.531142 -7.541263 3.595630 -5.957566 2.203241 -4.875638 4.041590 -3.269371 3.417035 -5.174284 4.868918 -7.990298 4.451198 -3.921609 1.837565 -6.807050 2.390179 -5.266266 0.328299 -5.778299
2.122284 -3.993126 3.440379 -5.988444 0.955204 -6.406637 0.396771 -6.071259 0.007508 -7.100007 0.414165 -7.074720 -0.310690 -4.410928 0.284024 -4.983218 0.905650 -8.298541 -2.703608 -4.569753 -0.399535 -5.470437 -1.110602 -9.421926 -0.158965 -4.428162 -4.778217 -6.387136
-5.176711 -7.416145 -0.300808 -3.648911 -0.446957 -6.585279 -4.132222 -4.485821 -3.346893 -5.712447 -1.433033 -6.650530 -3.180911 -5.610590 -4.704020 -7.785661 -5.530019 -7.657113 -5.033750 -5.170650 -4.633278 -6.967775 -4.899974 -2.339722 -6.476460 -2.613064 -5.917806 -5.991536
-4.965336 -4.410931 -7.105403 -4.397299 -5.075185 -2.723497 -5.381068 -4.039164 -6.142852 0.122565 -4.980690 -0.991660 -6.755775 -2.542929 -6.867706 -0.717967 -5.871208 -0.054032 -6.164455 -1.067310 -6.404165 -1.651199 -6.059698 -1.089450 -8.210203 -0.562483 -4.516404 0.819807
-6.926624 1.269638 -9.487103 -0.041434 -5.874734 1.130880 -4.561452 1.166171 -7.561397 2.929937 -7.310951 -1.260744 -5.591750 2.971974 -5.725056 1.746271 -6.845425 1.217829 -3.591931 4.796771 -6.057933 1.896495 -4.387587 4.984462 -3.814985 5.425495 -4.938995 2.695333
