7.083455 0.998414 6.061638 -0.554530 6.152734 -0.238262 4.498114 0.430586 5.424190 -0.831309 5.269828 -1.626956 4.453390 0.080535 5.858573 -0.813237 6.450711 0.753935 4.855227 0.199916 3.601820 0.194246 10.000000 0.654298 5.060363 0.634943 5.939710 -1.706961
6.832730 -1.323841 8.310400 -2.091393 6.734022 -2.667798 4.593281 -0.128254 4.961738 -3.269984 5.197341 -1.391107 2.725601 -0.295119 4.601098 -1.821010 5.265238 -1.761195 3.444692 -1.369123 4.540282 -2.087739 4.642009 -3.306241 6.334344 -0.357873 7.525084 -2.637324
6.305811 -3.175772 5.500363 -3.714892 4.830033 -2.527159 4.568061 -0.928616 5.957152 -3.240360 3.433720 -2.685362 3.531165 -1.424135 3.315912 -2.331814 4.628628 -3.118087 2.548492 -5.100332 5.911827 -2.577191 2.959607 -4.733412 1.832122 -0.529104 4.582255 -4.387699
5.256771 -6.788853 4.045498 -3.492127 1.637628 -3.697648 1.691667 -6.509318 2.040313 -4.245358 3.444679 -3.680650 1.962006 -6.283034 0.121815 -4.289788 1.982336 -3.916362 1.043448 -5.686240 2.238354 -5.994884 0.958448 -5.199145 -0.829433 -3.877243 -0.789427 -7.352049
-3.352046 -6.494829 -0.913554 -7.554611 1.056593 -4.634880 0.440996 -6.608077 -0.160661 -7.849564 -3.181312 -5.010587 -2.198483 -5.901895 -0.984254 -4.402231 -4.315876 -8.353080 -3.289598 -5.157301 -2.495940 -6.077668 -4.122003 -5.192455 -4.823529 -5.620964 -4.190025 -5.170156
-6.535681 -4.646773 -6.406116 -4.638095 -5.848387 -2.319813 -4.120976 -2.008719 -4.885149 -0.686888 -6.591291 -2.723027 -4.318512 -1.376162 -7.483607 -1.912786 -6.528071 -2.394640 -8.294227 -0.161384 -6.356000 -0.687420 -8.441304 1.773942 -7.157081 -0.693357 -6.064327 0.089899
-5.582873 2.893831 -5.820623 1.887160 -4.982963 4.568866 -3.470320 2.542412 -5.094468 3.597190 -1.652837 2.796821 -4.148229 5.850238 -3.305765 5.946749 -2.552167 5.122798 -3.977955 4.249801 -1.648936 8.260311 -1.330742 4.923883 0.923845 6.134161 0.644230 6.405295
0.663926 3.077520 2.262090 6.674673 3.160979 3.316171 1.639348 6.376858 3.270143 6.968550 0.984677 3.258962 3.521943 6.179354 4.686820 3.034051 4.957997 4.563840 3.562241 1.891350 5.212818 3.995323 5.893679 1.481118 5.393139 2.608989 5.433491 1.309802
6.044189 -0.066676 6.903038 -2.448614 7.254940 -3.059702 4.755171 -2.007588 4.435235 -1.943351 2.928357 -5.336903 5.304096 -1.904973 4.233736 -3.351107 1.366878 -6.781178 3.385414 -5.094607 2.742442 -5.727309 1.259501 -5.491317 1.946444 -6.570720 -0.520057 -6.531187
-3.013512 -4.369361 -2.565215 -5.626329 -0.689584 -6.291494 -1.614071 -4.032887 -3.348640 -3.705226 -3.520079 -4.703222 -2.137752 -5.344790 -3.891267 -2.281404 -6.115854 -3.360137 -5.284852 -2.732484 -7.522114 1.426015 -2.905933 -0.113258 -6.142514 0.458989 -5.356088 0.928883
-5.469684 5.290253 -6.109829 3.686481 -5.355490 1.193459 -2.788926 4.760586 -4.614710 4.488697 -1.670636 6.362971 -1.487208 5.008811 -2.277187 7.343283 1.583735 6.033308 2.114716 4.118824 2.815251 5.389920 0.005175 5.341920 4.790013 2.614545 5.292395 4.231574
5.121072 1.523362 3.541004 2.141468 3.425531 1.554232 6.953681 -2.034062 5.954858 2.873162 3.952914 -1.277390 3.902922 -2.835214 3.319572 -2.099143 3.321035 -5.043858 4.649219 -6.167583 5.244342 -7.525949 1.656763 -6.237960 2.421820 -4.869906 0.700145 -5.322584
0.234951 -6.527157 -1.643165 -7.337991 -3.236067 -5.270929 -3.728293 -4.788141 -4.252097 -5.766399 -6.126933 -4.822901 -4.230644 -1.455291 -5.455670 -0.671714 -5.663805 -3.286290 -5.972796 -1.164271 -7.258004 1.550370 -5.128871 3.240573 -5.475009 1.200542 -4.316302 3.972231
-2.908759 1.789508 -3.766535 5.063715 -3.723441 3.520459 -2.960950 5.297286 -0.513084 7.475533 -0.658461 3.647809 3.344101 6.214015 1.336228 6.244750 4.519114 2.457183 3.512197 3.516878 3.327205 -1.086999 6.862529 1.066791 5.071533 0.144607 3.796714 -1.911764
6.367871 -3.493453 6.871859 -4.509225 2.766374 -2.438560 3.463944 -5.426698 1.535454 -5.851406 2.027817 -5.966956 -2.260679 -3.394910 -1.011278 -6.322222 -5.206784 -4.433401 -4.581503 -3.017467 -1.097956 -2.981323 -9.006551 -2.744481 -5.797529 -3.151885 -5.233611 0.574426
-4.508369 -0.255417 -4.571925 1.473436 -6.968694 2.766429 -2.274595 4.948915 -3.691672 4.143648 -1.343578 5.062899 -0.367706 3.125785 -0.432969 4.315079 1.206786 5.710674 3.479377 3.932979 4.964519 3.178371 5.291730 3.263890 3.697222 1.806851 6.810942 0.934896
6.365024 -1.988603 4.163748 -4.030143 4.119305 -3.239084 2.618443 -5.325376 4.055061 -2.929865 1.667828 -7.450620 -1.622659 -3.980612 -0.829826 -3.965935 -1.898565 -7.036021 -5.809144 -6.632994 -6.602857 -4.524305 -4.923967 -3.037373 -4.416926 -2.589083 -3.561813 -0.881883
-4.082260 0.837383 -4.444750 2.426938 -3.182261 2.084020 -4.121959 5.886020 -1.720512 5.618497 -0.155591 3.251562 2.077157 6.539638 3.767027 7.038859 0.087420 4.064936 1.720371 2.799211 3.711416 2.891199 5.068703 1.237347 3.152890 -0.839245 6.039464 -0.516216
2.166937 -1.836055 6.292819 -6.126437 2.525483 -4.630981 1.941338 -4.547784 0.384670 -7.063521 -0.387926 -6.021505 -3.853386 -7.075163 -5.419268 -4.971747 -4.434458 -1.895928 -4.151281 -2.526520 -6.634860 0.638981 -6.696749 0.766268 -5.918986 4.648847 -5.092178 2.041084
-2.437011 3.833477 -3.226132 5.100296 1.022694 6.425146 2.064134 5.508522 5.411928 7.333216 5.705354 5.318297 2.053611 5.074685 8.316425 2.859236 5.154522 0.513672 3.570607 -0.991524 4.195125 -4.377981 4.411231 -4.906168 1.364883 -5.829570 -1.730431 -7.372217
-3.042440 -6.411314 -3.359903 -2.300334 -3.675473 -7.060818 -4.491254 -2.681296 -4.354431 -2.637350 -4.868799 -3.597771 -7.633982 4.032613 -4.670043 3.093153 -4.633670 4.152606 -1.086243 2.841777 -1.937937 4.072691 0.755708 4.634013 5.833085 6.230366 5.333108 3.915577
3.883211 1.721326 4.145980 -0.232953 4.881005 -1.807938 5.213760 -1.851574 6.097939 -2.889320 3.057507 -5.184297 1.056869 -6.181544 0.953357 -6.612691 -2.881391 -3.771631 -4.562673 -6.853656 -6.446425 -7.019737 -6.820731 -2.763700 -5.160433 -2.045625 -4.744899 2.625881
-4.915981 4.085350 -1.815338 5.619568 -2.405674 6.364557 -1.678335 6.231508 0.502668 4.690399 1.676823 4.050135 5.889625 5.122800 5.391815 1.998505 5.646733 -0.219121 7.896046 -5.839936 6.896469 -3.626570 4.025096 -8.331200 1.161842 -5.099030 -1.377146 -4.226566
-4.273886 -6.670475 -2.189615 -3.975517 -6.640351 -5.291518 -6.156360 -2.883272 -6.882901 1.044225 -6.722522 2.313067 -4.535136 3.068930 -3.668466 5.726539 -2.477132 3.842551 2.727103 6.736436 3.968012 3.219869 3.771885 2.334155 4.370841 4.524962 4.555280 -1.067456
4.819130 -1.406329 3.097015 -0.701817 3.165036 -3.054525 1.306523 -6.555977 0.098260 -5.360804 -1.518040 -4.911218 -2.184490 -7.265136 -6.499785 -4.035701 -6.208964 3.124531 -5.955773 -1.226150 -5.560621 3.767423 -3.098321 4.489046 -0.587046 5.192346 2.269896 6.831334
0.834942 4.598087 3.244828 3.880773 4.047979 0.907123 5.961425 -1.054028 7.798996 -2.098962 8.134686 -2.327447 0.521851 -6.788386 0.466059 -6.047784 -1.864181 -3.850403 -3.327958 -4.871487 -3.948731 -4.951744 -6.001428 -3.217910 -4.799006 0.515703 -5.450330 0.963430
-8.209139 2.475914 -4.264182 5.726381 -1.574300 5.323455 -0.762687 5.080232 3.397412 4.717687 3.456700 4.542232 6.715470 2.861209 5.843402 -2.249089 6.011951 -4.029591 4.305897 -3.875138 -0.586225 -6.915817 0.231571 -4.581161 -4.721810 -6.307562 -5.401890 -4.273734
-5.655375 -1.442063 -6.840395 -0.863184 -3.830794 0.259841 -4.553145 5.782665 -5.796004 5.341037 1.962520 3.283758 2.911812 7.162586 5.599203 4.266348 3.262915 3.612587 5.111976 -0.506358 7.778253 -1.430838 2.171438 -3.588650 1.637881 -6.627496 1.377324 -5.169869
