5.641717 -0.008596 6.307643 2.247508 2.815867 3.130463 1.347828 5.395180 1.030951 4.188067 -0.384520 5.579412 -5.064514 3.021759 -5.260670 2.980407 -6.015797 0.611670 -3.927541 5.763596 4.009912 3.500709 5.565225 -3.271561 2.142476 -5.423273 -5.473095 -3.398353
-2.294627 4.466348 3.174770 7.912162 8.842360 -1.267080 1.980806 4.867725 -0.731325 4.123332 -5.413732 -0.759881 -0.685654 -5.777336 4.558750 -0.509278 1.155304 6.356646 -4.452704 6.209714 -10.000000 -1.278508 -3.717866 3.875663 3.552947 3.839114 5.060350 -2.369499
0.468256 -5.328056 -6.402125 -2.047545 -2.415852 4.183780 1.867268 2.021508 5.608945 -1.551133 -0.485710 -7.221524 -4.504763 -2.667334 -5.599314 4.532396 0.441862 4.320988 5.773286 0.245263 1.434724 -5.549113 -1.834537 -3.994728 -4.897053 0.410678 -5.396249 -0.377767
-5.740716 -3.367121 -4.608508 -4.170157 -2.987796 -5.101889 0.814779 -5.029706 2.579069 -3.354641 4.780788 -4.035992 6.756268 -1.787905 -0.095561 -4.655786 -3.650276 -3.204037 -1.224865 4.392121 3.652987 5.351127 5.851617 0.812126 1.306467 -6.292280 -4.249475 -3.501172
-5.528106 1.654782 -3.530976 -4.028394 2.252662 -4.392201 4.863687 -0.022524 3.811337 4.675726 -4.312290 2.703383 -3.542257 -2.266635 1.385998 -5.195575 3.670280 -2.010579 8.268045 0.025271 4.950328 3.405889 2.345661 5.003520 1.992918 6.076919 -0.177270 7.512615
-4.272517 4.507223 -4.800169 4.395050 -5.521554 2.379087 -2.586779 5.841748 3.957938 3.660656 3.607101 -5.365701 -1.275396 -5.009680 -3.552109 -1.659645 -1.386992 5.254708 2.833272 4.157604 2.679270 -3.262174 5.470359 -3.372755 2.491843 -6.075592 0.728133 -5.715542
-2.655559 -5.658918 -2.279930 -2.594438 -5.886349 -2.319150 -6.223613 0.820060 -5.434002 3.657931 -5.539755 -0.722475 -5.170976 -2.157208 -5.735996 -5.258565 -1.000182 -4.340828 -1.160705 -5.823663 2.557465 -3.091793 2.939885 -2.770467 6.047665 -1.525350 5.799352 -3.027151
5.739982 4.164960 2.518092 4.308671 1.902131 4.298825 1.315523 3.379051 0.015050 2.893560 -1.805591 4.187020 -4.548604 2.072148 -5.143682 5.914062 -1.680801 4.960002 -0.392325 6.875141 2.298875 7.219392 2.062317 4.811639 6.893483 1.865823 6.845597 -2.455060
5.738449 -1.966411 4.316310 -2.021561 1.986185 -6.390594 -0.090829 -4.186471 -1.805215 -5.282425 -4.121844 -4.599349 -6.009144 0.701517 -5.612373 -1.846069 -3.861131 3.281903 -4.967743 -3.751530 1.502820 -3.754141 6.141517 1.037676 2.808079 3.928867 -6.072931 4.417815
-3.610951 -1.559636 -0.019210 -5.976059 6.827422 -0.862446 -0.117372 -6.464160 -4.787900 -2.035334 -4.713797 3.612932 3.117993 3.523393 5.822913 -0.324449 0.298477 -5.044878 -5.878928 -2.949121 -5.058383 0.665086 -3.982349 5.445586 -1.229033 4.514567 1.216353 6.496379
2.367462 4.276100 6.185895 2.048092 5.489620 0.778631 6.288779 -1.729404 3.666089 -6.092002 5.568491 -1.304019 4.814018 1.229917 4.609098 3.772480 1.013423 10.000001 1.793432 3.181773 -1.892317 5.111745 -1.420102 4.957560 -6.454881 1.440726 -6.012036 0.839313
-4.324641 -2.936671 -3.954508 -2.778507 -0.781387 -3.925252 1.654182 -7.560554 1.498919 -3.383338 5.802673 -4.763042 5.930704 -2.810534 -0.534254 -5.800091 -4.612767 1.058407 -3.108276 6.466675 5.178073 4.597985 4.801288 -2.237702 -0.499045 -5.461115 -4.215869 -3.860991
-7.306778 3.626714 -2.278324 -3.014209 0.566755 -3.091369 5.612265 -1.114298 4.421090 5.889136 -1.910361 2.240428 -6.840572 -0.513367 0.138590 -3.738166 5.371386 -1.728431 5.224882 1.220426 4.206525 1.005066 1.920076 3.027026 2.991472 6.070168 2.695927 4.430625
-2.492059 5.054526 -3.359782 3.789117 -5.970150 2.048131 -1.536274 5.035823 3.398854 -1.044433 5.551861 -4.282817 -0.195101 -6.120938 -7.481578 0.405208 -0.379108 4.191192 2.774228 2.283955 4.115173 -0.360578 4.832537 3.288778 -0.779537 6.227312 -3.903213 0.807761
-2.088715 -4.838656 3.758620 -4.156618 9.579078 1.539306 0.318944 5.102530 -5.873897 0.436974 0.835906 6.653184 5.220437 1.093483 2.863681 -4.609874 -4.044035 -3.858058 -5.611009 2.103563 -3.074017 4.396788 3.248255 4.362649 8.044998 -3.720832 -1.336973 -5.573235
-5.260386 -4.496389 -2.925122 5.307093 3.744613 5.264982 6.978301 -2.692404 1.653258 -6.397741 -5.629496 -1.876581 -4.169593 2.746079 -7.659365 -2.162943 2.303371 -6.288258 6.187002 0.053343 3.460216 2.367135 -3.776137 4.971436 -6.145965 -2.096816 -0.971568 -5.662369
4.527926 -1.391508 1.171252 -4.947318 3.002555 -4.286308 -0.914459 -6.744214 -2.384733 -4.074980 -3.375327 -3.396961 -5.944621 -1.690572 -4.977485 2.434991 -5.957353 5.041836 -2.970587 -0.041811 -6.367201 0.429227 -3.646893 -4.960612 -3.698215 -5.911164 -1.385821 -7.658968
0.759259 -4.673409 2.891122 -4.512649 3.335419 -1.695632 -1.916916 -6.344973 -3.847533 -0.679714 -1.468049 4.929176 3.677807 3.970948 6.576756 -4.050212 1.477227 -4.629916 -5.692231 -1.502449 -4.881505 2.707208 2.231625 2.692479 7.187839 -0.595800 2.620454 -7.379735
-5.541668 -0.624034 -7.902299 3.419423 -0.714042 5.493282 5.041460 0.970124 3.261350 -6.851134 3.532907 -1.908617 2.696845 0.831813 4.358590 1.158600 5.254900 0.840927 3.545676 5.109705 -0.557483 5.623357 -1.719846 5.895122 -1.001346 5.552581 -3.834499 -1.620391
-2.112295 -5.617350 5.892076 -1.463796 6.513933 4.801609 -0.768754 5.908047 -5.031861 0.904379 -0.939309 -4.147594 8.457141 -1.507114 6.860995 -2.082593 7.043600 0.988096 5.248536 0.972127 4.571774 2.710502 1.056133 6.396949 0.369733 6.784822 -1.882624 5.919953
-4.982362 4.677297 -2.503438 3.759620 1.057204 5.232284 1.204074 7.110171 3.781747 3.751250 5.750802 1.311836 4.033855 0.574895 4.393119 -0.306582 3.855990 -3.394689 4.056083 -5.365934 -0.262656 -5.944504 -3.871843 -5.912246 -6.926876 -6.856564 -6.266095 -3.346183
-6.421739 -0.866424 -2.582919 3.905021 -3.092060 3.455929 -2.650274 -0.411879 1.627517 -7.989221 4.121596 0.047784 5.396822 6.509232 -2.793179 4.328502 -3.062757 -1.128249 -0.935590 -4.646661 3.289226 -2.646412 3.824715 2.433669 1.262022 3.890179 -6.809589 2.507783
-3.903884 -6.230337 6.341617 -4.850335 4.289293 -0.199965 -0.240351 4.407993 -3.784018 1.562019 -3.913989 3.948990 -3.728369 8.831598 -0.287571 6.093802 2.513502 5.205530 5.069987 3.878730 3.552021 1.134486 5.995435 0.667119 5.267142 -2.866433 6.621161 -1.734361
4.841297 3.867104 4.850166 2.389295 2.947062 4.961679 1.935866 4.483556 -1.091807 5.888003 -5.454771 0.654770 -5.458925 5.095469 -5.020085 -4.214131 2.472421 -4.821006 5.179360 0.152560 3.473455 6.501725 -3.589767 3.074162 -3.936029 -2.028546 2.189541 -7.141747
6.892345 2.156519 7.419021 0.748212 2.194503 4.389659 3.149080 3.825674 1.324427 3.396951 -1.535842 4.083999 -4.475066 5.888059 -4.085993 2.941718 -5.329336 -0.018056 -2.227908 -0.446119 -4.727561 -3.421962 -0.342173 -4.826055 -1.307261 -4.220540 -1.346956 -6.780854
5.221031 -3.438731 5.339289 0.131611 6.430995 -0.740041 3.871675 -4.784688 -3.332019 -4.970217 -5.385406 0.343020 -1.488528 3.811117 4.894761 0.549856 6.104255 -4.102293 -2.661740 -5.503334 -5.330299 2.366542 -2.830409 -6.445776 1.629418 -1.976537 4.931524 0.098039
1.244403 6.948696 -4.185840 1.632795 -3.489410 -3.968318 4.001515 -6.271544 5.301260 0.802796 6.008014 3.595548 4.946422 3.456539 3.455909 6.126730 1.213545 5.050210 -1.973074 4.548236 -2.897009 6.779156 -4.765053 3.186175 -6.066877 0.616906 -4.633595 2.300845
-7.749905 1.826692 -2.234141 4.636072 1.382892 5.273562 2.095235 4.238441 3.500881 1.465299 7.293328 2.756020 7.399648 1.070515 6.057650 3.977371 6.408416 3.439266 4.178365 4.586693 -0.150406 5.052771 -1.555506 6.835170 -4.321332 3.267843 -4.699625 1.932180
