6.326707 1.000604 4.489932 -2.614732 3.191616 -4.003051 1.056897 -3.640667 -1.922385 -4.793410 1.114866 -4.871484 -4.528687 -5.305478 -3.999957 -1.295051 -6.040178 3.327556 -0.081912 -8.049688 3.673163 -4.421467 5.992866 3.026231 -1.554167 7.645685 -6.009884 1.799285
-4.517105 -4.211484 1.557136 -4.807066 8.065094 0.314527 5.957744 -1.342374 7.330892 -2.954391 0.192858 -5.172572 -0.616546 -2.490510 -3.651175 -3.456800 -3.894164 -3.697726 -4.590107 -0.468152 -7.422613 -1.570707 -4.253071 -3.252275 -3.389961 -5.420907 -2.322623 -6.195729
-0.999827 -4.544525 1.248092 -2.615512 5.081449 -6.014532 4.659026 -1.210062 6.622386 0.928690 6.319636 3.938602 3.343498 5.413821 0.165594 5.244905 -0.253427 5.160753 -4.355103 6.168120 -3.802361 0.831479 -5.257358 -0.602504 -5.945802 -0.510263 0.450349 -5.774146
5.724205 -1.096500 3.746532 6.241673 -2.301758 5.480850 -7.064729 -1.434652 -0.909206 -4.237373 5.427217 -5.296566 9.434284 2.974550 -0.079566 8.336441 -4.747920 0.580147 -2.194473 -2.803736 3.113710 -2.864912 7.909509 2.092271 -0.067209 6.522080 -7.111342 1.623724
-5.279963 -1.958903 -5.561738 2.383309 1.578276 7.615724 8.708893 3.312397 0.019147 -4.005367 -3.346565 -3.759128 -5.417058 3.136921 -0.409024 7.135147 4.461944 3.205647 5.457326 4.747493 3.412631 6.943323 0.513264 7.832875 -1.122019 4.230912 -2.703603 3.469788
-2.803554 3.204793 -5.749440 1.189952 -3.607574 -0.899412 1.421321 -7.439491 7.621639 0.758864 4.442738 6.282030 -1.948174 4.265365 -6.694162 0.141628 0.355281 -6.724453 6.161783 -3.222599 6.218856 4.855913 5.908030 3.800026 6.286523 -1.361470 4.732803 -3.973644
4.633689 -4.831258 2.224182 -6.131516 0.084875 -3.901732 -3.650788 -6.563312 -4.476955 -3.856878 -2.933155 4.213832 0.603883 6.165584 4.149956 1.691673 4.324715 -3.169950 -4.151021 -3.962115 -6.636945 1.990264 0.329562 6.845782 6.192553 6.057407 7.231045 2.558410
4.952944 -1.603342 4.878593 -4.788059 3.667437 -6.239323 0.399785 -2.442817 -1.409818 -6.355032 -4.479235 -6.526406 -8.197505 -2.082506 -5.095518 -3.155827 -3.976674 -5.800770 1.701048 -3.867828 1.900275 -4.260182 2.803447 -3.947227 8.312381 -2.682961 4.679657 -0.286773
5.231133 1.296339 3.882606 3.893035 1.133733 6.904444 -0.745462 7.857281 -2.290781 7.086682 -6.421279 2.220984 -7.332654 -1.186360 -6.524560 0.502390 -5.968360 -3.079944 1.836105 -6.864397 10.000000 0.619953 4.781348 5.172080 -4.458193 4.033728 -3.130051 0.297718
1.518249 -5.652635 5.661933 -1.337262 7.837920 5.105630 1.728010 8.122906 2.355706 5.854472 -1.296564 4.926931 -1.982929 4.125224 -5.158312 1.804403 -5.537563 -1.240358 -5.975098 -3.555926 -3.680892 -1.109431 -1.824580 -5.974987 1.483750 -6.932715 4.302227 -4.976990
2.308189 -3.968303 4.623982 -1.832484 5.829036 0.911928 3.666055 4.702457 4.183966 4.503997 4.757322 -2.195839 1.823045 -4.038363 -4.823812 -2.403884 -4.121277 5.577816 2.147796 6.314130 6.374215 0.077867 -0.210955 -5.667522 -6.322818 -2.330469 -5.959756 0.925040
1.198813 5.575017 7.159598 2.965214 6.421441 -5.315055 -3.903119 -3.918768 -5.004110 3.646679 -1.404301 8.242336 7.297071 2.399824 6.267371 1.309584 0.799268 6.759220 0.043523 4.083574 -4.499595 2.457138 -2.500106 5.036868 -6.698493 0.166601 -5.055731 1.033357
-3.029919 -3.826070 -2.838892 -3.429737 0.386756 -7.382640 0.206736 -5.767621 3.711050 -6.145695 5.314231 -6.132855 8.393318 -0.238500 3.303119 2.248317 5.353394 2.715246 0.541803 4.735948 -8.490674 3.422282 -1.141538 -4.238287 5.780062 -4.403656 8.603577 3.035306
0.545730 7.906278 -3.916405 0.884563 -2.573959 -7.038320 -5.478943 -0.618109 -6.882106 1.090961 -6.608278 2.145672 -1.696692 3.068550 -1.238812 4.834319 0.960632 4.632131 1.724264 7.455346 2.657117 3.854467 -3.632221 6.205116 -4.446886 1.081820 -1.921073 -5.059094
6.279338 -2.735430 4.179176 2.858519 -2.434561 4.866833 -5.521631 -0.475445 -2.565534 -7.258930 3.084212 -4.590911 4.965672 0.420799 -0.610921 6.121102 -5.601803 3.656883 -4.496780 -3.296897 2.777998 -5.236235 6.648609 1.846539 1.846270 8.121761 1.610271 5.146648
-2.369408 5.292440 -1.990574 2.417263 -5.053880 2.864067 -4.744411 -0.415766 -2.487781 -2.096899 -2.829262 -4.911221 -2.426191 -5.696165 -0.145687 -5.134851 3.931469 -3.791363 5.018086 -4.035958 6.984626 -2.207700 5.759447 3.429885 4.249629 6.173469 5.003559 5.867631
-0.293665 6.314982 2.764941 7.357013 7.188908 3.490603 5.202498 1.477901 3.927029 -1.241562 0.937957 -1.899688 3.664102 -6.550722 3.886378 -5.308362 -0.979287 -5.750206 -2.035713 -3.678719 -5.723614 -2.278071 -2.358215 -0.562400 -4.734601 -1.031618 -4.505496 5.666827
-2.687930 6.570072 1.121562 6.652859 1.823313 6.498696 0.171192 8.127641 -1.210500 5.998191 -5.639229 4.611377 -4.492944 3.077863 -5.723943 -2.309197 -7.990008 -4.468685 -2.673121 -3.572923 -1.205479 -4.997695 1.124096 -4.798028 5.157457 -2.530206 4.481728 -2.477454
8.218378 -3.616398 4.543203 -0.188546 5.295865 2.011477 5.400580 8.512991 2.109479 4.462945 5.301161 2.342621 3.180880 -5.245222 -4.434496 -5.241245 -6.670697 3.498075 -0.132896 4.657693 5.912998 4.171591 5.391833 -4.628493 -3.514119 -4.734632 -3.620849 -1.867596
-5.776571 -1.780759 -7.430092 -2.073838 -4.340193 2.871706 -4.967901 6.828416 -0.985930 6.357172 -0.112683 5.977617 3.031306 3.995205 -4.661329 5.261178 -6.444111 -1.416232 -3.005856 -7.096933 7.225826 -0.562181 2.319486 6.233130 -2.151014 7.353891 -7.532825 -0.639454
1.057814 -5.090292 6.996687 -4.269026 5.996701 3.077297 -0.805880 6.725251 -4.906680 1.745281 -3.034253 -4.870323 3.179817 -3.767848 4.521006 3.571410 -0.370979 5.636328 5.414392 2.805428 3.434325 -2.842508 -4.570740 -4.789511 -5.987360 1.887271 2.671262 5.781711
5.036201 2.490488 6.332122 -3.259226 -0.937966 -3.230714 -3.859461 -5.460729 -4.791736 -3.281515 -5.528588 -0.631631 -3.579867 4.889727 -2.732166 5.059561 -3.132327 5.990222 -1.461934 8.072479 5.115635 5.955729 1.866343 5.571858 -0.942223 6.629054 -0.664092 4.300515
-4.671309 -0.086981 -5.057225 1.252455 -3.823133 -0.382218 -1.433136 -6.627162 1.315255 -7.329835 7.210700 -0.722203 4.095068 5.834845 -3.174671 5.800704 -6.837331 -0.182511 -2.139447 -2.381991 2.419893 -0.763406 6.520040 2.805537 2.168883 6.393686 1.928422 6.437975
4.315858 5.386686 6.075758 2.451324 7.638848 0.996127 5.582132 -3.729653 2.381463 -3.848464 2.021303 -5.497255 -0.585060 -6.842099 4.070911 -5.107262 2.792253 3.318543 -2.332992 7.053280 -4.749678 -0.418772 -3.335584 -6.151132 2.306229 -5.869423 5.485334 1.140412
-0.284296 6.798780 -1.564456 4.131948 -5.882104 6.773062 -4.227246 2.696455 -7.119020 -1.287945 -6.066802 -0.867764 -2.957695 -6.715468 -2.199336 -7.028779 0.887575 -6.557852 4.683064 -3.626354 3.748853 -2.337579 7.305290 -1.066970 7.603314 -0.965865 5.743354 2.533648
0.631901 6.047228 1.240377 4.948662 0.231630 6.237954 -5.426672 -0.159768 -4.161671 -4.426588 4.887623 -5.931653 2.752208 3.748094 0.389640 6.663151 -8.929314 2.081860 -2.248736 -5.517118 4.173330 -3.795967 5.000886 -2.393704 5.306875 -1.694578 6.328754 1.374858
6.957651 1.731196 5.331985 4.013350 1.272847 5.791400 -0.836048 4.918879 -4.626747 6.095866 -1.835500 7.144681 2.561801 4.849041 6.449188 4.335903 3.906148 0.764503 6.319942 1.370700 6.434250 0.378891 6.225389 -6.910013 3.242564 -4.144520 5.480544 0.087631
1.419411 6.384455 -5.598301 5.058554 -4.249136 -3.315634 3.930670 -5.515204 6.393375 -1.531781 3.312466 7.373442 -5.385076 7.791632 -4.999903 -1.125908 -0.081869 -2.676548 3.950174 -0.974927 6.567400 4.698883 -1.290002 7.850667 -5.382270 -2.712041 -0.378419 -4.379279
