-6.145536 1.316484 -5.339898 2.446452 -4.650670 -2.445073 -3.724135 0.125481 -1.546399 -1.332796 -0.449079 -6.151160 1.842919 -3.007824 5.478872 -3.212095 5.213987 -4.542341 5.849886 -3.656831 6.386336 -2.298285 6.143626 -4.004193 3.500416 -3.275097 2.822025 -4.529460
4.231038 -6.157232 -0.059344 -4.475003 3.403067 -3.965813 3.731583 -4.031592 3.694316 -3.361599 6.540760 -3.941098 3.326512 0.013195 3.984157 -0.502931 4.370242 -0.093612 4.674794 2.677420 3.072431 0.717979 1.884819 5.261752 4.739645 4.641561 5.561482 4.857420
3.236354 5.192444 3.420255 5.799756 5.771791 7.167240 5.621042 5.254538 7.821610 4.920559 5.232166 2.629496 2.561316 3.340113 2.835462 -0.538368 0.131645 0.208382 -0.900970 -2.394434 -3.368925 -2.267720 -5.361443 -2.614933 -3.970935 -5.549276 -4.244496 -5.105954
-3.446710 -4.888091 -5.768257 -5.800210 -3.124947 -3.194982 -3.109976 -4.903799 -6.826222 -1.539700 -3.760111 -6.171906 -3.384087 -1.838249 -1.656180 -2.335059 -2.452098 -4.743508 1.705511 -3.235372 0.365955 -2.448146 0.973004 -4.709412 4.777547 -2.929201 5.933584 -3.587177
3.223485 -3.661507 5.795906 -3.204636 3.768489 -6.024499 4.216148 -4.187458 1.401954 -4.173015 2.696116 -6.106059 0.433663 -6.858154 -0.056262 -5.354481 0.432451 -6.194710 -2.085433 -5.968691 -0.964706 -4.359011 -3.139444 -2.407751 0.578259 0.793037 0.010079 1.614320
0.054399 2.862886 1.257146 8.888729 -2.035199 7.123460 0.004957 8.779062 -0.200364 9.999999 -0.063009 4.474770 -3.370736 3.453812 -1.257828 4.612264 0.139517 4.582919 1.737017 4.594058 0.757913 5.909596 0.327048 6.639184 1.303288 5.109146 -0.976854 5.718418
3.830496 4.345693 1.602668 5.176604 -0.513939 3.795323 0.685475 4.437680 -1.248381 4.134597 -1.277615 5.548267 1.922089 7.150192 1.909834 5.499582 2.283748 5.400408 1.228612 7.408144 -0.186844 6.308255 0.623006 5.519190 1.692444 6.529926 0.464236 7.233076
-1.214307 3.932602 0.081654 -0.839785 -1.103793 -0.873579 0.610575 -0.409897 -2.032915 -3.137968 -0.575901 -5.574857 0.750453 -7.324083 1.428157 -5.224652 1.128472 -3.714594 3.119546 -4.190201 1.757341 -2.260297 5.347934 0.213772 4.448197 3.935797 5.291654 6.723082
6.621743 5.382266 5.083742 5.689167 5.028780 5.134170 1.660236 3.620522 -1.109451 1.454672 -3.485900 1.033790 -5.562200 1.375924 -6.824013 -2.284441 -6.886675 -1.348569 -7.914289 0.021674 -4.056479 1.511505 -2.358745 0.081193 -1.804120 3.739171 1.377960 2.079824
5.956926 4.012240 3.353240 1.926627 5.678567 3.809248 5.615892 3.667008 5.373932 3.946301 2.518595 5.684591 -0.339009 6.478363 -2.661301 6.754502 -2.825715 6.102624 -5.399197 6.221172 -6.784582 5.954966 -6.319724 3.740826 -6.542155 2.979499 -1.806854 1.229111
0.109671 -0.047360 1.051063 -2.789109 0.800779 -4.684900 -0.440135 -6.443893 2.317620 -4.971187 2.578849 -7.365139 0.852221 -6.068882 -2.267172 -5.414706 -1.693075 -4.392177 -2.909271 -5.261801 -4.678080 -2.601749 -5.762437 -5.693017 -4.497234 -3.336452 -3.284128 -2.533322
-3.171760 -1.999249 -2.344246 -0.457057 -0.340299 -0.301731 2.472724 1.444044 3.390166 3.757203 4.033830 3.470969 4.141857 7.063653 3.953152 4.010007 3.995291 5.837894 4.373562 3.727593 5.583145 2.584621 7.178064 4.151041 6.879667 2.675843 8.067259 1.523217
5.698632 0.645122 6.079989 0.639412 4.466479 0.575936 4.496373 -0.929845 1.926764 -3.711851 0.526984 -2.244533 -2.896399 -4.301969 -2.599597 -1.666506 -5.549515 -1.644040 -6.673214 -3.685627 -6.405374 -3.861392 -4.911297 -1.100843 -4.866725 -0.948365 -2.028774 1.891948
-3.794468 2.864212 -0.140550 5.669591 -4.824726 4.625144 -2.951627 4.771355 -3.520350 4.868071 -3.939578 3.201658 -7.241516 0.835255 -5.610132 0.678668 -5.977728 1.924745 -5.175269 -1.311952 -8.014444 -0.274185 -5.789994 -2.462073 -4.910919 -0.933217 1.523482 -1.347305
1.896269 -2.001334 2.641707 -3.574554 2.556209 -3.972634 7.430324 -3.552633 4.542521 -6.010544 6.243314 -4.208723 4.289328 -4.534029 0.279682 -0.810142 1.771457 0.711683 -1.778348 0.845102 -1.798344 3.724983 -2.347065 6.280162 -5.763994 5.364357 -5.500470 4.142053
-3.815006 4.882657 -4.781673 2.924163 -3.594520 1.280349 -4.677172 -1.490221 -6.065271 -4.232837 -6.073142 -3.900110 -4.044266 -2.999014 -4.644513 -2.077658 -1.351323 -3.575541 -0.501683 -5.265148 -0.451185 -1.238726 3.213853 -4.621349 3.513149 -2.081318 5.879232 -2.399592
7.551088 -0.364524 6.596970 2.062974 8.277282 2.329665 5.559011 3.349903 3.818875 5.225490 3.133023 5.450037 3.149563 7.127361 -2.278064 7.526330 1.489220 6.080739 -0.159965 7.460154 -1.369249 4.539077 -0.770773 1.221078 -0.774403 -1.491354 -0.096980 -3.087724
-0.566119 -4.023534 0.245402 -6.929900 -1.407428 -6.176300 -1.172847 -7.315833 0.545359 -4.227928 0.575492 -6.031409 0.100738 -8.435594 2.551771 -7.026553 0.669757 -5.631196 0.767191 -6.037635 -0.081302 -5.484128 2.468771 -6.014884 0.560026 -4.671900 -0.282295 -1.485852
2.297979 -0.118504 3.272604 2.631528 5.101803 4.067361 4.163198 6.086546 5.373408 6.759110 4.554818 5.333758 3.118726 3.948467 5.508207 2.206024 4.855425 -0.897077 2.389690 -0.687430 3.625050 -2.373988 3.730976 -4.383393 4.198282 -5.657738 6.032287 -3.143958
4.268278 -5.413489 3.492334 -3.192749 3.344896 -1.211095 3.631471 2.315771 2.983586 3.855184 2.316894 4.402467 3.344345 4.435982 4.767424 3.633640 4.035071 4.420623 2.158029 4.814122 4.030638 6.178311 3.984877 6.392725 7.154034 4.093684 5.721670 6.893229
6.486308 5.981209 4.203389 2.161595 2.850669 5.156943 0.841969 0.795839 -0.372674 2.062319 -0.932864 -1.242489 -5.145627 0.356545 -4.860909 -1.395519 -4.397511 -3.138463 -5.547696 -0.828234 -3.567531 -0.948687 -5.108511 1.834594 -6.063283 3.662915 -3.248342 5.173988
-2.759348 3.358838 -3.266523 4.751286 -1.928449 5.032427 -5.151477 1.745706 -2.012721 2.193768 -4.934556 4.072643 -3.434175 2.082550 -7.358773 0.730834 -4.715485 -0.279753 -4.897074 -0.271821 -6.009963 1.172740 -6.322224 0.050136 -6.433911 -0.687722 -5.027018 -2.250792
-3.882946 -3.648841 -2.525143 -4.658713 -3.122549 -3.555302 -4.453944 -3.631984 -5.405213 -1.041952 -1.444233 -6.577660 -2.143631 -2.914865 -1.646768 -2.835491 -5.566823 0.083327 -3.735710 2.392974 -2.750626 2.446296 -4.141863 3.216912 -3.402285 5.696045 -4.098165 7.498486
-3.333183 5.807885 -3.754150 4.057037 -4.329545 7.164423 -3.955507 5.259759 -3.386096 6.605190 -4.073201 4.474741 -2.647299 3.078894 -4.677658 4.049267 -3.522977 4.200647 -2.958449 0.670711 -1.132178 -2.121361 0.760071 -3.168940 -0.974331 -3.254572 0.641653 -5.842557
-0.454984 -5.593933 -0.295201 -4.758961 -1.175142 -6.477663 -1.217015 -4.186868 -1.201402 -1.746170 -4.299726 -0.743478 -4.747239 0.427170 -4.445896 2.062073 -3.941945 1.883828 -5.816205 0.607359 -7.313125 0.858385 -4.655610 2.638655 -7.865714 0.742615 -7.524689 1.729045
-5.294647 1.759997 -7.717423 0.731530 -5.598625 2.259615 -5.767277 1.858313 -3.182991 0.438024 -2.235340 -1.164986 -1.060398 -1.803750 4.293843 -1.000673 3.323623 -3.468883 4.544737 -8.454494 6.071846 -4.366303 4.032500 -3.830199 4.552938 -2.461273 2.516278 -1.670761
-0.566196 0.291547 -3.297348 1.605591 -3.561871 3.381348 -4.858520 3.528990 -4.152258 2.205258 -4.936170 7.013098 -4.058198 5.300362 -3.159039 6.674159 -1.836510 6.524410 -0.099373 4.057993 -0.529521 4.621104 -0.023656 5.478683 4.232467 4.438415 -0.407485 5.172976
1.031176 4.714300 0.842074 4.655617 2.135490 3.261166 2.614640 2.477550 1.677149 6.584383 2.167064 3.951509 5.533673 4.838781 4.365713 5.987069 2.109798 5.050421 3.480386 3.943627 5.632817 3.340452 4.219377 1.560925 5.582145 2.767029 5.264162 3.366790
