-2.207029 3.386334 -2.585170 2.043380 -1.818126 1.730185 -1.771344 1.583760 0.032702 -0.428058 0.534605 2.983159 0.609628 1.217085 1.989739 1.253845 2.613023 1.309210 4.000164 -0.632868 3.555862 0.117019 4.166628 5.076564 3.932390 6.721113 1.675048 6.052931
3.809911 5.820626 2.048062 6.213655 2.110835 5.935253 0.921174 6.222758 2.811464 5.239077 1.090021 3.763498 -1.197796 3.368675 -0.588773 1.289020 -2.237621 0.947905 -3.846546 -1.969729 -2.319023 -0.777472 -1.745254 -3.287054 -2.971671 -2.707827 0.466483 -4.591922
0.263243 -3.130177 0.496266 -0.095442 3.669401 -3.411698 3.009139 -2.919861 3.632078 -0.409151 3.421831 -3.004637 1.975758 0.777958 2.270164 2.489620 5.180716 1.917940 3.512167 3.382051 1.109696 5.801489 0.788096 6.956736 5.569916 6.235409 2.882213 7.655958
0.578232 3.032675 0.273997 2.226823 -3.485166 1.353701 -3.022077 -4.890444 -1.379933 -2.400124 -3.280273 -6.190422 -2.699020 -8.154243 -1.220507 -7.518754 -0.768574 -9.156517 -1.373410 -5.551545 3.671974 -9.125737 2.850048 -8.527124 6.235929 -6.029375 7.401393 -7.626470
7.147969 -7.127290 7.037636 -4.996494 5.135867 -4.059031 2.985863 -3.254322 0.639010 2.674376 -5.126597 2.551437 -5.290646 2.979048 -7.685089 6.614009 -7.142722 6.825704 -7.360170 7.604717 -4.326197 9.677735 -3.832541 6.218646 0.015704 7.098169 0.815039 4.440780
5.200630 3.640251 6.138664 2.177792 6.358675 1.969486 9.347150 -0.610739 7.459083 4.216247 5.062566 3.519166 5.809977 0.560742 4.695791 1.673905 2.131052 4.044305 3.192352 2.045837 2.614575 3.227452 1.479864 -0.575929 0.173609 3.071897 1.891878 2.324156
2.201704 3.606402 4.733703 2.045606 5.273782 2.828160 4.739730 2.211280 9.655360 3.303211 5.089926 1.501015 6.536224 2.548000 6.552629 -0.080860 6.883018 -3.451337 9.523968 -2.783112 6.831372 -0.673725 5.951920 -3.320592 6.135396 -1.602931 5.578629 -2.347495
6.039786 -1.787403 2.088903 1.691267 0.751743 3.238075 2.368521 4.187016 -0.197419 6.482916 -0.406506 6.250027 -3.005345 7.807315 -1.621290 6.418842 -2.673458 6.653688 -6.415786 2.980984 -2.500231 3.511984 -7.269367 2.692820 -7.980263 0.403301 -4.638064 1.566914
-6.391411 -2.918423 -4.087920 -3.720252 -4.337406 -2.179594 0.866304 -3.490927 1.092246 -3.755392 2.540634 -3.918321 5.959842 -6.896645 6.269004 -7.254298 6.619660 -6.655761 6.054420 -6.310214 7.608129 -6.416417 6.652549 -2.551992 3.035917 -1.946062 5.832554 -2.160094
4.951360 -0.067630 5.038862 -0.034825 1.817350 1.937487 2.863148 2.701965 -0.268374 6.285418 0.251498 3.962675 0.411770 5.363863 0.079530 4.793583 -3.183017 5.656904 -4.012805 5.877150 -3.247706 7.698370 -6.052145 8.009588 -3.458957 3.954712 0.371082 0.837193
1.909039 1.142193 0.269735 -3.622318 0.566755 -3.581412 0.736109 -5.357081 2.793678 -5.568547 1.893856 -7.183718 2.611064 -7.468768 -0.851253 -7.839061 1.142441 -7.469187 -0.228696 -7.674161 -0.648267 -4.957447 -3.568982 -5.041482 -3.146465 -6.332980 -1.787588 -2.606482
-0.272255 -3.694938 -1.924404 -4.658359 0.611024 -4.650249 -3.884917 -5.895410 -4.392254 -3.231517 -1.687722 -3.581957 -0.975620 -1.923645 -1.788188 0.245653 -1.117290 0.962444 -0.362920 0.148749 1.686799 -0.286402 0.437176 3.012384 0.614637 1.908585 3.414316 2.915708
1.921354 -0.449633 3.312297 0.731362 1.270086 3.264289 -1.469001 3.113566 0.881219 2.204605 1.146267 6.330646 -1.753235 1.271971 -4.038940 2.021176 -2.379790 2.941140 -3.332652 2.889782 -2.226681 -1.146008 1.049808 0.598103 3.464856 -0.971837 4.017706 -5.406943
7.870436 -2.860808 5.564182 -5.995013 4.633419 -5.046660 9.595751 -5.832333 6.994989 -4.710521 3.868234 -6.109307 4.886061 -2.932384 1.697277 -3.908693 3.936729 -1.674776 2.888571 -4.230649 1.274554 -0.417688 -0.054233 0.511261 2.974891 -1.997390 4.625000 0.154261
2.449265 1.548568 3.962647 -0.258325 7.775493 1.558812 5.575670 2.771092 7.001248 1.989704 7.987246 -0.058527 4.679279 2.277595 4.309489 2.587479 5.301526 4.053187 -0.138375 0.648850 1.387145 2.132471 1.111249 2.027753 2.354526 -0.998370 -0.067235 -0.900199
-0.795178 -0.026956 2.217931 2.513374 5.737656 4.066627 5.105999 1.648290 5.401921 4.222665 8.133700 0.997990 6.326138 2.230896 6.611022 -2.018161 5.436172 1.936845 2.061796 0.978039 0.804509 -1.015986 -1.752976 -4.782723 -4.612064 -7.206501 -2.196492 -7.985016
-6.747735 -5.288253 -6.392705 -9.712986 -8.847137 -3.394804 -5.605158 -4.052206 -6.285926 -0.085492 -5.402269 1.517104 -7.380486 5.794287 -6.107909 8.535605 -6.902475 7.791373 -4.646143 7.584907 -4.454296 5.855999 -2.330264 2.678542 -0.460203 -0.055479 -0.811684 -1.815374
-0.751399 -5.241900 2.012160 -7.020806 3.631792 -8.699067 3.319198 -8.976904 1.309785 -6.322129 -2.385858 -3.812065 -3.767684 -4.046856 -3.572674 -1.251470 -3.383702 -0.719985 -5.685139 -0.575964 -6.427723 -0.891891 -5.112556 -1.387531 -8.809210 0.095972 -6.907018 -3.045210
-5.841825 -3.415561 -5.963703 -4.261423 -8.094248 -6.261569 -5.822876 -8.603957 -5.096289 -4.597638 -3.385939 -4.242264 -3.788288 -1.674128 -5.305480 -3.938701 0.857630 -5.028459 2.415480 0.939500 3.454905 1.000251 5.157817 3.936539 6.110471 2.945627 6.837721 2.694700
8.620782 4.574904 6.962801 1.569189 8.948048 0.432885 5.725234 -5.494755 4.462522 -4.205091 6.079078 -4.726045 4.494984 -5.060403 4.625215 -6.795496 5.169655 -5.587642 5.606689 -5.925035 2.892034 -3.937190 2.690827 -3.203134 3.060256 -3.528399 2.764890 -3.631043
-2.019306 -0.639133 3.646151 -1.757484 -0.109377 1.861901 3.746433 0.926578 1.612297 3.649783 5.232939 3.434392 1.703005 4.284421 2.850286 5.748245 6.080827 7.160456 1.763259 7.128741 1.153720 8.117308 -1.219498 5.049205 -2.936505 5.169747 -4.804557 6.544746
-5.097424 0.385272 -5.976866 2.745622 -5.308559 2.486027 -6.270505 2.601715 -5.381887 -1.164484 -4.915116 -2.471364 -1.956184 -0.516081 -2.888207 -0.032190 1.698583 -0.138267 -0.721141 -1.613369 1.582008 -0.609993 3.763805 -4.771747 3.958439 -0.554734 3.586909 -3.155470
5.374884 0.212086 6.552221 0.447204 8.715283 2.182493 5.992200 1.807999 9.895753 3.554874 4.402484 3.189984 4.705002 2.365256 3.595341 0.017595 -5.174225 -3.572825 0.297537 -4.030767 -3.968081 -4.834117 -4.756371 -8.426442 -4.882145 -7.134726 -5.052952 -5.086919
-4.485526 -6.889365 -4.027749 -4.956337 -5.358964 -0.820478 -4.752167 -1.055253 -3.650023 2.341362 -1.536766 3.213181 0.012975 4.942993 -0.326853 3.577914 0.274467 2.401458 2.109732 1.754689 1.028681 -0.854577 0.776526 0.454777 5.286629 0.469708 0.475217 0.999300
2.726628 0.370615 2.145012 -0.365594 3.396088 -1.614138 4.533240 -2.946312 2.778097 -3.463816 5.160058 -5.194848 4.725242 -5.866467 2.987762 -7.058825 3.775234 -7.839987 1.123394 -3.623913 0.151841 -6.004229 0.256832 -1.696755 -4.005353 -0.811976 -4.453184 3.666085
-5.729698 4.643525 -7.892072 6.885683 -5.868342 10.000001 -7.279605 7.843822 -4.392105 7.723510 -3.846796 3.858274 -2.667368 1.109261 3.311543 0.385623 -1.126927 0.011830 1.997059 -1.926172 2.165982 -3.349375 0.015598 -2.691269 3.340244 -1.383925 2.868261 -3.060954
2.727343 -0.247752 -0.021621 1.535872 2.368575 2.879478 4.672788 2.786249 1.509470 2.801394 1.847633 3.851735 1.300246 0.156261 -0.846378 1.262187 -1.070882 3.149948 -3.558725 0.268332 -7.346038 2.047724 -5.477509 2.702159 -6.679762 2.192259 -6.167252 2.001490
-4.946015 4.352118 -5.542927 2.952198 -3.110820 4.799950 0.376336 5.846406 0.670684 5.344934 2.201286 7.500067 1.960339 7.480824 2.675795 7.609124 5.183105 7.088362 4.392092 4.217206 2.035870 1.406863 2.989323 1.256873 2.654497 -0.707242 1.821588 0.926675
