8.517992 -7.594297 7.039525 -7.341388 4.534091 -6.473733 4.949064 -2.918630 1.853928 -4.620772 -1.568043 -6.907953 -0.541360 -8.117432 -1.481770 -5.064544 -3.716419 -6.995730 -1.285233 -4.265713 -0.862545 -3.421589 -1.995380 -1.162149 1.595025 1.489616 3.258789 -1.688185
3.712461 0.514822 6.586346 1.000979 6.543401 2.588011 6.243079 3.833959 6.954346 4.601427 6.602004 5.028654 5.269454 2.019225 5.027915 6.834643 4.499788 3.590730 3.391113 7.596101 4.382264 5.980405 5.660446 7.211479 5.741819 5.684558 6.808111 7.361085
6.189382 7.179747 9.786280 5.066681 5.841415 5.155535 4.960835 6.826232 6.448693 6.307232 7.707129 3.498222 4.277157 5.115700 1.216120 4.944065 -0.752268 6.320251 -1.784466 5.391216 -3.800521 5.594425 -5.986576 4.796081 -4.828902 6.017603 -7.429016 3.825900
-5.930737 6.506468 -6.771401 4.686405 -6.402780 2.000979 -5.601783 1.026278 -5.076839 2.706706 -3.457109 2.481825 -4.082559 3.664846 -2.941679 -1.292925 -4.509923 -0.125167 -1.822336 -0.050944 -0.931477 -2.190950 0.319964 -3.388732 3.555127 -4.110881 0.938567 -3.623420
1.877247 -5.845252 4.817470 -4.530203 2.342254 -7.013761 4.218987 -6.901827 2.136023 -8.755570 3.175969 -6.714922 3.787485 -5.479492 3.671695 -7.206499 0.137723 -4.340241 2.446887 -2.552768 2.398937 -3.367737 2.188332 -0.164234 2.318035 -1.683723 2.839311 3.058145
3.929899 4.404339 0.444880 6.716908 4.387219 9.146995 2.675079 6.619925 4.883768 5.552719 -0.317807 6.272529 -1.859575 3.595080 -3.857587 4.354084 -4.699346 1.529884 -4.722056 0.758502 -6.810531 -0.414769 -3.315535 -0.870222 -5.531950 1.388655 -3.140651 0.373419
-3.081735 4.553260 -0.537819 5.418121 0.718303 4.302156 3.012501 6.763202 1.772256 5.736620 5.121570 6.073489 5.881009 6.325639 4.040773 5.389269 3.954543 5.128719 7.312449 7.343055 4.614902 5.609739 5.389729 7.359995 6.428728 7.348278 5.909098 4.419069
4.972943 4.144178 4.967710 4.349917 1.669554 1.953605 3.486557 -1.484543 5.136542 -2.328554 2.252817 -3.440579 3.007369 -2.724050 0.862505 -3.488816 2.376819 -1.601501 2.901361 -0.405647 1.333765 0.638285 1.495781 5.004220 1.394619 4.280338 1.680281 8.606736
2.483493 6.832986 1.991530 5.484775 3.512659 4.620953 2.650279 3.651670 2.634634 4.107942 1.536909 1.830646 2.229108 0.008633 4.911397 -0.373915 1.045800 -2.807024 2.639312 0.769733 1.447890 -5.439272 0.140563 -2.668365 -1.512943 -5.831328 -0.862799 -5.906688
-5.496152 -3.483438 -6.453349 -3.260766 -7.117605 -6.708554 -8.055631 -2.425459 -3.346099 -2.398074 -3.853836 -2.150805 -0.235072 -4.691601 -2.245524 -2.615305 1.894776 -4.811302 3.797075 -1.077685 4.656432 -0.744754 2.861947 -1.340261 2.479131 -1.599073 -0.882119 1.428883
0.104217 1.372080 -4.109487 3.214945 -5.338191 1.530346 -7.691465 3.929729 -7.759267 3.534892 -5.319314 2.030165 -3.658397 2.256670 -3.296511 -1.411086 -1.568213 -1.806557 2.157436 -1.435739 2.101071 -2.361927 5.821174 -3.417747 5.437018 -5.638909 3.591635 -4.858435
7.323294 -7.505986 7.836347 -5.507813 8.789616 -8.119959 7.372787 -7.512078 7.135444 -5.778313 5.993330 -6.228611 5.293513 -5.089784 4.021235 -6.902432 2.911760 -7.007138 3.049455 -3.886843 0.989582 -2.026472 0.765633 -0.686042 -1.629592 1.652583 -0.391331 3.121692
-1.775497 1.590531 -3.513664 2.645686 -3.696760 3.987752 -2.621265 -0.323851 -3.547210 2.099095 -5.999567 0.895063 -4.861329 -1.937270 -5.844223 -2.480282 -3.752773 -3.517454 -3.037899 -3.166594 -4.707857 -0.202565 -3.063661 0.047334 -0.867207 0.381256 -0.954846 2.551022
0.151293 8.735106 3.693867 4.764075 4.850780 9.328815 4.390959 6.814509 2.733409 5.726804 1.469188 5.127140 5.588009 3.318516 4.873055 -0.795149 3.303029 -0.689409 2.189471 -2.772064 1.585509 -3.003878 1.316382 -3.612826 -1.515530 -0.534624 0.479579 1.032578
-0.547563 -0.975750 -4.336030 2.950164 -4.761774 0.919370 -5.389391 0.801714 -2.733179 3.489173 -5.039356 3.372387 -6.630354 3.200927 -5.957828 3.103674 -7.242753 3.280315 -5.601447 1.526906 -5.596199 0.814403 -4.099623 3.437556 -5.983156 4.352631 -4.352772 1.823545
-3.425072 2.867898 -3.165222 0.777282 -1.520017 0.552674 -2.594504 -2.846644 -3.671613 -2.260786 -0.190278 -1.035194 -1.727804 -2.587313 -2.213405 -1.356966 -2.575014 -0.897898 -2.329182 -2.394065 -0.346487 -2.033967 -0.533949 -2.028905 -4.360003 -4.047479 0.295315 0.394314
0.878015 -1.657305 0.145136 -0.028664 -2.447438 -1.935009 -2.978386 0.813029 -3.607934 -2.532788 -0.150979 2.627049 -2.451936 2.057757 0.096546 3.068370 -0.323791 2.635016 -0.552098 2.427100 -2.220959 3.161358 -2.339779 0.240876 1.550292 -0.900669 0.233613 -4.820439
1.876776 -3.820528 0.240029 -5.681770 3.658739 -7.006704 4.920413 -6.150856 3.326191 -5.223243 1.953535 -1.750032 4.606240 1.490375 6.498968 2.245581 6.679282 5.403624 6.391797 5.942968 5.930485 7.389462 6.272432 5.421241 5.312336 5.556897 3.683473 7.375547
0.266666 3.424124 -0.104267 3.592157 -1.529043 4.262048 -3.136366 3.749946 -0.393135 3.311286 -1.337698 1.850806 -3.787303 -1.634643 -0.541111 0.588552 2.875026 -0.149238 3.476446 -2.140883 5.781673 -1.954385 8.338689 -5.060680 5.607152 -8.113518 6.811003 -8.575330
6.807855 -4.682780 5.126789 -4.258488 4.078979 -1.766374 2.904354 0.203627 1.605154 0.071985 3.100919 2.328950 1.155094 3.100985 4.061202 4.629496 3.461025 3.741438 3.615385 1.046435 -0.591223 0.854914 3.501308 -3.309817 1.380453 -1.100405 4.532901 -2.697813
3.236087 -1.946167 0.768276 1.222221 0.433165 -3.250088 3.578127 -1.955529 1.786457 -0.271336 1.021444 -1.960024 -0.074058 0.775368 0.776359 1.271789 -2.965261 2.067099 -0.747372 1.316254 -2.674933 4.038589 -2.958224 4.680852 -4.294314 4.755267 -3.382029 7.578019
-3.663186 4.222172 -4.579470 7.315529 -5.264013 7.330670 -4.964434 7.167909 -5.429676 4.675301 -0.945048 5.044919 -1.775049 3.087077 1.146932 0.989316 -0.374605 -0.932087 1.293623 -0.713362 3.587612 -0.961599 2.051025 -0.151704 4.746802 -2.657467 4.940441 -3.075361
6.552234 -6.198005 5.931879 -5.677509 5.018354 -7.274776 6.924982 -8.227674 5.290586 -5.224335 5.450880 -3.788531 6.942966 -3.755283 4.267175 -1.623312 2.939097 0.145811 2.792049 4.461120 1.557341 5.052131 1.181121 8.977978 -4.009582 5.881673 -4.119560 6.623682
-3.132028 7.690598 -5.407589 5.382713 -3.131170 9.636872 -2.472244 5.617966 -4.515251 6.045243 -1.569842 7.577711 -1.806569 3.537840 0.240050 4.789922 -0.384719 5.143001 2.148632 4.335201 4.032641 3.092485 3.549848 5.555251 7.085254 4.169199 7.935474 0.522153
8.861378 1.351345 5.062267 0.610187 5.668789 0.046001 4.783050 2.814595 -0.971153 3.583452 -3.669058 3.870085 -2.990436 4.686586 -5.128716 6.568884 -6.698871 4.966645 -6.034045 8.061058 -6.270367 4.461198 -4.060021 5.945784 -3.238011 3.329454 -1.848312 3.968866
3.629895 2.986500 2.299552 -0.781192 2.921250 2.398746 2.499178 2.082569 2.957878 0.761738 0.748931 4.573230 1.269383 -0.436367 -2.293370 0.551877 -1.522186 2.107040 -1.166042 0.746184 -2.253168 1.949923 -1.691369 1.037468 -1.501550 4.278433 -2.463985 4.040186
-1.612573 4.225102 -0.377725 6.954869 -1.808948 5.054879 -2.391354 7.838921 -3.679164 7.812181 -1.445743 5.127903 -3.425515 5.856947 -3.000043 5.317636 -4.251900 -0.885824 -1.304420 0.882063 0.862811 1.337437 -0.972056 1.833624 -0.089267 1.691780 -1.954161 -0.133914
-1.134398 2.361578 -1.409774 3.871577 0.053405 2.645759 -0.710336 3.907105 -1.472847 5.787333 0.078134 5.789372 -1.557034 6.158280 -1.545192 5.848020 -0.057747 3.236085 -0.290999 6.672828 -0.123033 9.507438 -3.336068 6.359259 -3.489375 7.194366 -0.553408 6.437815
