2.655225 -4.944098 1.987897 -4.944098 0.744314 -4.944098 3.642566 -4.944098 -2.410874 -4.944098 -5.059724 -4.944098 -7.007675 -4.944098 -6.420045 -4.944098 -6.282245 -4.944098 -4.839622 -4.944098 -2.342598 -4.944098 -2.361562 -4.944098 -2.564872 -4.944098 -1.981341 -4.944098
1.971334 -4.944098 -1.893204 -4.944098 1.717824 -4.944098 2.476488 -4.944098 1.474041 -4.944098 3.801020 -4.944098 7.418606 -4.944098 3.369758 -4.944098 6.179005 -4.944098 2.149474 -4.944098 5.011132 -4.944098 1.561294 -4.944098 5.954345 -4.944098 2.461164 -4.944098
2.099735 -4.944098 1.348366 -4.944098 -2.983977 -4.944098 -2.725774 -4.944098 -2.318868 -4.944098 -2.067137 -4.944098 -4.579998 -4.944098 -3.045640 -4.944098 -3.273754 -4.944098 -1.254757 -4.944098 -5.043576 -4.944098 -4.103923 -4.944098 -1.337639 -4.944098 -3.284294 -4.944098
-1.667815 -4.944098 -2.463969 -4.944098 2.469160 -4.944098 1.313431 -4.944098 5.380580 -4.944098 3.599386 -4.944098 4.606281 -4.944098 3.890240 -4.944098 4.871935 -4.944098 5.966410 -4.944098 2.584735 -4.944098 5.453671 -4.944098 6.245905 -4.944098 5.755659 -4.944098
4.666791 -4.944098 1.379871 -4.944098 -0.144976 -4.944098 1.567287 -4.944098 -1.356747 -4.944098 -1.699468 -4.944098 -7.046536 -4.944098 -5.050378 -4.944098 -6.090600 -4.944098 -5.306838 -4.944098 -5.056463 -4.944098 -4.890540 -4.944098 -0.733706 -4.944098 1.573236 -4.944098
3.015240 -4.944098 1.828029 -4.944098 4.718376 -4.944098 6.109448 -4.944098 2.096697 -4.944098 2.243616 -4.944098 0.621186 -4.944098 -0.505475 -4.944098 -5.753011 -4.944098 -3.802510 -4.944098 -6.693603 -4.944098 -7.356077 -4.944098 -8.518968 -4.944098 -3.413192 -4.944098
-4.854219 -4.944098 -4.791574 -4.944098 -1.832515 -4.944098 -0.164446 -4.944098 -2.658605 -4.944098 -3.424152 -4.944098 -1.615683 -4.944098 -4.578566 -4.944098 -2.089633 -4.944098 -3.310833 -4.944098 -7.210481 -4.944098 -4.743711 -4.944098 -3.566800 -4.944098 -4.397250 -4.944098
-5.082607 -4.944098 -6.420760 -4.944098 -4.396295 -4.944098 2.715020 -4.944098 2.346773 -4.944098 4.506549 -4.944098 7.764902 -4.944098 3.851653 -4.944098 5.932949 -4.944098 6.052458 -4.944098 7.963852 -4.944098 2.371124 -4.944098 4.807009 -4.944098 4.135531 -4.944098
2.241592 -4.944098 4.863644 -4.944098 3.053545 -4.944098 -0.992872 -4.944098 -4.527095 -4.944098 -0.505442 -4.944098 -4.190376 -4.944098 -4.440338 -4.944098 -4.712094 -4.944098 -6.017941 -4.944098 -4.544357 -4.944098 -7.450293 -4.944098 -7.210501 -4.944098 -1.789167 -4.944098
2.525577 -4.944098 1.086872 -4.944098 3.279924 -4.944098 1.358766 -4.944098 -0.102175 -4.944098 2.884606 -4.944098 2.233918 -4.944098 2.653593 -4.944098 1.251023 -4.944098 1.393501 -4.944098 4.637567 -4.944098 6.121943 -4.944098 4.222552 -4.944098 3.640543 -4.944098
5.632929 -4.944098 1.382919 -4.944098 -2.906223 -4.944098 2.438221 -4.944098 -1.276501 -4.944098 -2.479612 -4.944098 2.962380 -4.944098 -0.413619 -4.944098 -1.173831 -4.944098 2.094346 -4.944098 4.270621 -4.944098 3.446375 -4.944098 0.595091 -4.944098 0.122169 -4.944098
3.417037 -4.944098 -1.850698 -4.944098 -2.350377 -4.944098 -1.451565 -4.944098 -6.425840 -4.944098 -4.621683 -4.944098 -4.588567 -4.944098 -6.637887 -4.944098 -4.625873 -4.944098 -2.442153 -4.944098 -3.995161 -4.944098 -4.678739 -4.944098 -2.136114 -4.944098 -2.169670 -4.944098
-1.280719 -4.944098 -2.802224 -4.944098 -1.766247 -4.944098 -1.743850 -4.944098 -4.534915 -4.944098 -4.161751 -4.944098 1.645523 -4.944098 3.358124 -4.944098 -1.222430 -4.944098 -3.005933 -4.944098 -0.526160 -4.944098 -7.129923 -4.944098 -5.917510 -4.944098 -4.625353 -4.944098
-0.013504 -4.944098 -1.032803 -4.944098 -3.508808 -4.944098 -2.232288 -4.944098 -2.873150 -4.944098 0.035457 -4.944098 -4.429460 -4.944098 3.298759 -4.944098 1.825099 -4.944098 2.978817 -4.944098 4.599373 -4.944098 2.118339 -4.944098 3.503538 -4.944098 3.042435 -4.944098
-2.183256 -4.944098 -0.808666 -4.944098 -4.640091 -4.944098 -3.470101 -4.944098 -7.954610 -4.944098 -7.295624 -4.944098 -5.377897 -4.944098 -3.366335 -4.944098 -3.774871 -4.944098 -2.911518 -4.944098 1.644327 -4.944098 2.292149 -4.944098 -1.040995 -4.944098 3.663530 -4.944098
-0.049241 -4.944098 -2.558452 -4.944098 -6.587989 -4.944098 -3.759843 -4.944098 -8.478226 -4.944098 -7.458322 -4.944098 -6.685656 -4.944098 -5.428363 -4.944098 -4.560090 -4.944098 -0.222983 -4.944098 0.027064 -4.944098 -1.821440 -4.944098 2.428473 -4.944098 3.055612 -4.944098
4.886750 -4.944098 5.793179 -4.944098 4.988795 -4.944098 0.345836 -4.944098 0.715735 -4.944098 -3.520247 -4.944098 -1.886565 -4.944098 -4.382931 -4.944098 -7.586252 -4.944098 -2.748950 -4.944098 -0.180321 -4.944098 0.720794 -4.944098 1.654144 -4.944098 1.824827 -4.944098
5.096066 -4.944098 2.919882 -4.944098 3.930915 -4.944098 6.911091 -4.944098 4.579735 -4.944098 5.516638 -4.944098 1.883540 -4.944098 0.184594 -4.944098 -1.675951 -4.944098 -6.394967 -4.944098 -0.624370 -4.944098 -2.163976 -4.944098 -4.173142 -4.944098 -1.295408 -4.944098
-0.987201 -4.944098 -0.797001 -4.944098 2.017067 -4.944098 -1.566729 -4.944098 -2.387726 -4.944098 0.365096 -4.944098 -1.684269 -4.944098 -2.846263 -4.944098 -2.154613 -4.944098 -0.077489 -4.944098 -0.822081 -4.944098 -4.147108 -4.944098 -0.262769 -4.944098 -3.612880 -4.944098
-3.636731 -4.944098 -0.837026 -4.944098 -2.476261 -4.944098 -0.163852 -4.944098 -0.130198 -4.944098 3.910750 -4.944098 4.801714 -4.944098 2.627088 -4.944098 5.501400 -4.944098 3.571510 -4.944098 3.083838 -4.944098 10.000000 -4.944098 4.402614 -4.944098 5.630215 -4.944098
-0.812366 -4.944098 5.312754 -4.944098 3.024567 -4.944098 0.716705 -4.944098 -2.413833 -4.944098 0.685551 -4.944098 -5.027884 -4.944098 -7.687320 -4.944098 -6.393138 -4.944098 -8.059296 -4.944098 -4.534271 -4.944098 -3.904321 -4.944098 -5.042355 -4.944098 -2.130428 -4.944098
-4.112115 -4.944098 -1.872626 -4.944098 -5.310345 -4.944098 -0.999357 -4.944098 -1.688618 -4.944098 -1.481752 -4.944098 -0.662607 -4.944098 0.892246 -4.944098 2.140576 -4.944098 2.952189 -4.944098 6.566489 -4.944098 4.440446 -4.944098 5.000898 -4.944098 -1.872207 -4.944098
3.652815 -4.944098 -1.150805 -4.944098 -2.083366 -4.944098 -1.348885 -4.944098 -2.688663 -4.944098 -5.497810 -4.944098 -3.439456 -4.944098 -4.153734 -4.944098 -3.645825 -4.944098 -4.070058 -4.944098 -1.795242 -4.944098 -0.284948 -4.944098 -0.057909 -4.944098 -0.935529 -4.944098
-3.418724 -4.944098 -2.334054 -4.944098 -0.375622 -4.944098 -0.297361 -4.944098 -0.128226 -4.944098 1.225040 -4.944098 0.438912 -4.944098 1.857751 -4.944098 1.442842 -4.944098 3.831377 -4.944098 -1.057459 -4.944098 2.066758 -4.944098 0.456953 -4.944098 1.454135 -4.944098
0.564889 -4.944098 3.092607 -4.944098 2.828995 -4.944098 3.237694 -4.944098 0.461661 -4.944098 1.876390 -4.944098 2.955419 -4.944098 -0.883084 -4.944098 1.160179 -4.944098 5.161880 -4.944098 0.538757 -4.944098 2.832782 -4.944098 3.666838 -4.944098 1.071863 -4.944098
4.953097 -4.944098 7.719969 -4.944098 3.177113 -4.944098 4.701115 -4.944098 1.373266 -4.944098 1.518564 -4.944098 5.652752 -4.944098 0.701189 -4.944098 6.219748 -4.944098 2.868436 -4.944098 1.582709 -4.944098 6.495450 -4.944098 3.488749 -4.944098 0.485349 -4.944098
7.466887 -4.944098 1.079232 -4.944098 3.841040 -4.944098 4.819573 -4.944098 0.405169 -4.944098 -0.158340 -4.944098 5.348157 -4.944098 5.170748 -4.944098 2.061204 -4.944098 2.894253 -4.944098 6.581548 -4.944098 2.591681 -4.944098 3.132727 -4.944098 4.740413 -4.944098
3.021323 -4.944098 4.568023 -4.944098 1.696302 -4.944098 3.804645 -4.944098 -0.045215 -4.944098 1.063161 -4.944098 1.880476 -4.944098 1.785446 -4.944098 -2.466152 -4.944098 -4.034996 -4.944098 -3.764441 -4.944098 -5.955712 -4.944098 -4.899044 -4.944098 -7.860239 -4.944098
