5.392111 -4.487359 3.755826 -4.487359 1.623168 -4.487359 0.962088 -4.487359 -0.692340 -4.487359 -1.471022 -4.487359 -1.932334 -4.487359 -2.770865 -4.487359 -5.578245 -4.487359 -6.435948 -4.487359 -7.232855 -4.487359 -4.424435 -4.487359 -4.750690 -4.487359 -4.992675 -4.487359
-3.980019 -4.487359 -3.194196 -4.487359 -2.124554 -4.487359 -3.600094 -4.487359 -0.792137 -4.487359 -4.801069 -4.487359 -4.711109 -4.487359 -4.247607 -4.487359 -6.563354 -4.487359 -5.634377 -4.487359 -6.601465 -4.487359 -5.415524 -4.487359 -1.166532 -4.487359 -4.436945 -4.487359
0.368671 -4.487359 3.048413 -4.487359 2.120355 -4.487359 3.224794 -4.487359 4.512238 -4.487359 9.775976 -4.487359 4.508800 -4.487359 1.662657 -4.487359 3.564399 -4.487359 3.696371 -4.487359 -1.299956 -4.487359 -1.052911 -4.487359 -2.069772 -4.487359 -0.932176 -4.487359
-1.523423 -4.487359 -3.005036 -4.487359 -4.436790 -4.487359 -3.992786 -4.487359 -3.021989 -4.487359 -9.742056 -4.487359 -4.807742 -4.487359 -4.675839 -4.487359 -6.031527 -4.487359 -7.913434 -4.487359 -5.203586 -4.487359 -9.712126 -4.487359 -10.000000 -4.487359 -6.854438 -4.487359
-5.191604 -4.487359 -2.083106 -4.487359 -3.369623 -4.487359 -0.810941 -4.487359 -1.125711 -4.487359 0.865223 -4.487359 4.831880 -4.487359 6.219570 -4.487359 4.970583 -4.487359 6.262660 -4.487359 4.072084 -4.487359 4.679468 -4.487359 2.380356 -4.487359 -0.078586 -4.487359
-0.158987 -4.487359 -1.130686 -4.487359 -0.184792 -4.487359 -1.470823 -4.487359 -2.850814 -4.487359 -0.210595 -4.487359 -2.925928 -4.487359 -0.844217 -4.487359 1.217344 -4.487359 5.747788 -4.487359 2.231134 -4.487359 3.974684 -4.487359 0.649563 -4.487359 1.285152 -4.487359
2.020303 -4.487359 1.930940 -4.487359 4.392581 -4.487359 5.742798 -4.487359 0.697865 -4.487359 4.021395 -4.487359 1.223715 -4.487359 -2.247686 -4.487359 -1.749756 -4.487359 -2.529842 -4.487359 -2.797880 -4.487359 -0.456487 -4.487359 -7.026184 -4.487359 -7.884701 -4.487359
-2.013749 -4.487359 -3.458725 -4.487359 -1.340375 -4.487359 -1.044258 -4.487359 3.730086 -4.487359 1.007165 -4.487359 6.289003 -4.487359 7.912847 -4.487359 1.460628 -4.487359 2.916234 -4.487359 3.034075 -4.487359 2.213445 -4.487359 3.839726 -4.487359 4.881206 -4.487359
2.245430 -4.487359 3.368141 -4.487359 -0.704371 -4.487359 0.562678 -4.487359 -2.952596 -4.487359 -2.925220 -4.487359 -2.775823 -4.487359 -7.407395 -4.487359 -2.224377 -4.487359 -5.559446 -4.487359 -3.796743 -4.487359 -5.782443 -4.487359 -0.124443 -4.487359 -4.327934 -4.487359
3.317734 -4.487359 2.186477 -4.487359 2.382026 -4.487359 -0.237890 -4.487359 1.466096 -4.487359 -0.281072 -4.487359 -5.199633 -4.487359 -4.236930 -4.487359 -4.342795 -4.487359 -6.183573 -4.487359 -4.007545 -4.487359 -5.840547 -4.487359 -0.209474 -4.487359 -3.531436 -4.487359
0.659106 -4.487359 -2.916155 -4.487359 3.834136 -4.487359 1.610982 -4.487359 1.242856 -4.487359 3.642136 -4.487359 2.415524 -4.487359 2.914078 -4.487359 1.635793 -4.487359 5.187213 -4.487359 1.594419 -4.487359 6.203289 -4.487359 8.720558 -4.487359 4.267846 -4.487359
0.704762 -4.487359 5.812300 -4.487359 4.650854 -4.487359 4.572260 -4.487359 3.488431 -4.487359 2.969956 -4.487359 1.160164 -4.487359 1.078099 -4.487359 2.742974 -4.487359 4.387091 -4.487359 2.783495 -4.487359 4.308735 -4.487359 3.298453 -4.487359 0.272638 -4.487359
3.085890 -4.487359 4.491566 -4.487359 2.904872 -4.487359 2.211455 -4.487359 -3.259615 -4.487359 1.333214 -4.487359 -0.496448 -4.487359 -3.940228 -4.487359 -4.182309 -4.487359 -1.996012 -4.487359 1.364458 -4.487359 -4.090961 -4.487359 -0.451769 -4.487359 -1.211959 -4.487359
1.965569 -4.487359 -0.489138 -4.487359 -1.052052 -4.487359 4.186339 -4.487359 2.351589 -4.487359 1.371750 -4.487359 0.072291 -4.487359 4.424901 -4.487359 2.832903 -4.487359 0.276011 -4.487359 0.713718 -4.487359 1.467304 -4.487359 -1.948223 -4.487359 0.230361 -4.487359
1.035460 -4.487359 4.730954 -4.487359 6.096429 -4.487359 7.351003 -4.487359 4.795595 -4.487359 2.609466 -4.487359 2.338192 -4.487359 0.598429 -4.487359 -1.005367 -4.487359 -2.864006 -4.487359 -3.677969 -4.487359 -5.433212 -4.487359 -2.190677 -4.487359 -7.291522 -4.487359
-1.809189 -4.487359 -5.899857 -4.487359 -2.096099 -4.487359 -3.984355 -4.487359 -4.110420 -4.487359 -3.505390 -4.487359 -1.109361 -4.487359 -2.266083 -4.487359 -1.160895 -4.487359 -1.715472 -4.487359 -0.085036 -4.487359 5.619036 -4.487359 6.407030 -4.487359 4.828080 -4.487359
8.101311 -4.487359 8.256056 -4.487359 3.230700 -4.487359 0.883812 -4.487359 -1.133445 -4.487359 -1.493226 -4.487359 -4.794597 -4.487359 -5.543186 -4.487359 -5.007088 -4.487359 -6.161085 -4.487359 -2.317360 -4.487359 -4.093143 -4.487359 -2.050077 -4.487359 -1.986218 -4.487359
-0.578559 -4.487359 2.702731 -4.487359 4.035816 -4.487359 2.474333 -4.487359 6.128057 -4.487359 2.103968 -4.487359 4.877270 -4.487359 4.686033 -4.487359 6.848365 -4.487359 7.810495 -4.487359 4.754457 -4.487359 6.778070 -4.487359 5.413968 -4.487359 0.766593 -4.487359
-1.890422 -4.487359 0.607882 -4.487359 -4.484282 -4.487359 -4.334409 -4.487359 -2.317796 -4.487359 -6.100534 -4.487359 -8.967514 -4.487359 -5.920388 -4.487359 -7.405094 -4.487359 -1.594524 -4.487359 -3.074896 -4.487359 -3.282225 -4.487359 -0.565432 -4.487359 -3.597432 -4.487359
-0.202291 -4.487359 1.003982 -4.487359 3.603405 -4.487359 3.650671 -4.487359 3.726996 -4.487359 7.282663 -4.487359 7.198761 -4.487359 7.699703 -4.487359 6.297899 -4.487359 8.281099 -4.487359 4.791585 -4.487359 4.013732 -4.487359 7.200458 -4.487359 4.596523 -4.487359
4.085774 -4.487359 4.652043 -4.487359 2.132275 -4.487359 3.485710 -4.487359 5.494959 -4.487359 0.957722 -4.487359 1.405905 -4.487359 5.437363 -4.487359 1.670320 -4.487359 0.526024 -4.487359 -1.158293 -4.487359 0.135598 -4.487359 1.301213 -4.487359 -0.279166 -4.487359
-0.209886 -4.487359 -1.100435 -4.487359 -0.905957 -4.487359 -3.413939 -4.487359 -3.632721 -4.487359 -0.076935 -4.487359 -4.523991 -4.487359 -2.351207 -4.487359 -1.906570 -4.487359 -9.447775 -4.487359 -4.049515 -4.487359 -3.590981 -4.487359 -6.208066 -4.487359 -4.476472 -4.487359
-5.200781 -4.487359 -5.015272 -4.487359 -5.357250 -4.487359 -3.436366 -4.487359 -3.817767 -4.487359 -2.213367 -4.487359 -1.756604 -4.487359 -2.607883 -4.487359 -3.386350 -4.487359 -5.165647 -4.487359 0.006719 -4.487359 0.474458 -4.487359 -1.507631 -4.487359 -0.709433 -4.487359
-1.991949 -4.487359 -2.618426 -4.487359 -1.169764 -4.487359 -5.080735 -4.487359 -5.127605 -4.487359 -3.739233 -4.487359 -4.685957 -4.487359 -5.744692 -4.487359 -3.234135 -4.487359 -5.533472 -4.487359 -4.142980 -4.487359 -1.555928 -4.487359 -1.126188 -4.487359 -5.685131 -4.487359
-4.282425 -4.487359 1.752164 -4.487359 -0.643775 -4.487359 0.318736 -4.487359 0.860837 -4.487359 -1.739515 -4.487359 -2.235910 -4.487359 -3.625537 -4.487359 -2.011383 -4.487359 0.519131 -4.487359 0.954109 -4.487359 0.103464 -4.487359 1.555378 -4.487359 0.866949 -4.487359
0.854220 -4.487359 2.446577 -4.487359 1.288895 -4.487359 0.501890 -4.487359 1.424296 -4.487359 -0.418704 -4.487359 -2.511120 -4.487359 -2.785958 -4.487359 -2.269111 -4.487359 -2.150462 -4.487359 -5.734338 -4.487359 -7.985782 -4.487359 -5.198533 -4.487359 -6.233921 -4.487359
-5.454540 -4.487359 -8.502569 -4.487359 -7.971092 -4.487359 -6.515959 -4.487359 -0.652966 -4.487359 -5.208077 -4.487359 -0.588118 -4.487359 -4.072438 -4.487359 -2.023632 -4.487359 -1.212210 -4.487359 -3.409753 -4.487359 -2.307914 -4.487359 -1.600565 -4.487359 0.418059 -4.487359
-1.775645 -4.487359 1.029660 -4.487359 -1.646716 -4.487359 0.088296 -4.487359 0.894347 -4.487359 4.421199 -4.487359 4.231274 -4.487359 0.939673 -4.487359 3.239160 -4.487359 2.448955 -4.487359 0.001172 -4.487359 -3.315280 -4.487359 -2.261076 -4.487359 -1.441761 -4.487359
