-7.214835 -4.987545 -4.283580 -6.830695 -5.731506 -3.989518 -4.865184 0.418417 -2.179379 1.378401 1.601669 0.474186 2.227788 4.312006 4.487517 4.264919 5.600757 8.899800 4.352954 8.216337 3.304575 4.755704 1.131571 0.894792 -0.556129 -1.197057 -0.363107 -1.092119
-4.381447 -4.872784 -7.233598 -9.116875 -8.878211 -9.011555 -6.907889 -4.222804 -3.774801 -4.655841 -3.718318 -2.792465 0.360478 -1.668131 2.117022 0.684669 3.359191 4.510560 5.315037 6.814508 5.236067 4.698039 6.983935 5.126022 2.697504 2.138270 1.264611 2.746487
-0.536933 -0.087286 -0.050746 -1.532710 -2.108044 -3.406404 -5.546994 -3.162603 -6.268712 -4.998374 -6.879376 -6.443708 -4.165122 -5.741130 -6.058527 -4.227269 -3.692929 -7.013954 -6.918875 -4.870468 -6.125218 -2.820746 -6.426097 -8.891144 -5.091768 -3.061262 -3.339917 -3.053163
-2.470351 -2.218225 -1.581307 -3.293712 -0.746719 -0.611814 3.934994 -0.133897 3.042364 3.317984 5.473670 4.513770 5.216255 4.174210 5.802293 6.147139 4.306702 5.242353 9.999999 6.794910 5.899634 3.356086 4.065843 3.326540 4.914288 5.169917 4.338187 5.763608
3.722584 5.229201 4.502430 4.435701 5.031883 2.224651 3.627577 2.094583 -2.718986 -0.320603 -2.563692 -1.237662 -4.361094 -1.109251 -3.863542 -5.323398 -3.550919 -7.539035 -5.733906 -5.850787 -4.853598 -3.177679 -1.446165 -1.289402 0.724433 -2.049188 2.546788 3.298271
6.323758 1.658603 5.096522 5.711567 7.112716 4.956462 5.564212 4.702592 3.614383 1.655073 1.108940 2.431843 0.019742 -1.254537 -1.617396 -1.425535 -5.155321 -0.498061 -3.874726 -3.375849 -3.301353 -4.892296 -5.313489 -6.730839 -5.314209 -5.359761 -4.711897 -5.687216
-6.005972 -4.665711 -6.784909 -4.702082 -3.899349 -7.673912 -5.277848 -3.974230 -4.412311 -3.786899 -1.905128 -2.500204 -4.087512 -5.637746 -2.999615 -6.942903 -6.280842 -5.884988 -8.890277 -3.577754 -6.724514 -4.192093 -6.477161 -5.778512 -3.537425 -4.663560 -3.605893 -5.914055
-4.937930 -4.415380 -5.584879 -7.618244 -5.934152 -7.051766 -2.664700 -5.424861 -2.847607 -4.284819 -4.144027 -5.611102 -2.755088 -4.004387 -5.358282 -4.544318 -8.316830 -6.088550 -5.554996 -3.905977 -5.312054 -5.009845 -4.809674 -5.445718 -6.955044 -5.232499 -4.835542 -6.123307
-5.874012 -6.655594 -3.545691 -5.745042 -3.116349 -1.635246 -1.434328 -2.804285 2.461016 0.961738 2.259698 3.759192 2.008452 3.144002 6.854393 4.765986 3.871590 5.989451 2.366759 6.685371 2.438373 1.865930 1.152680 2.107437 1.172707 -0.222032 -2.319563 -0.065682
-4.739069 -1.516201 -3.363069 -6.594374 -6.011684 -5.718033 -6.724021 -7.641319 -5.147054 -5.142314 -6.080821 -6.104342 -7.731073 -7.057819 -4.445046 -4.633827 -2.747009 -2.271934 -5.100396 -6.550190 -5.723734 -2.614451 -5.574681 -4.063771 -2.672292 -2.600193 -4.157907 -2.152697
-4.830709 -6.860540 -4.719760 -6.097934 -4.001318 -5.725959 -6.530737 -4.916262 -6.948493 -3.537187 -4.170853 -3.697754 -6.056115 -3.719207 -3.707287 -6.772566 -4.937018 -3.229647 -5.081567 -5.655453 -4.703288 -3.676734 -4.524360 -3.373652 -6.755646 -2.070606 -4.975062 -2.453313
-4.258979 -4.960629 -4.024529 -5.480428 -7.335044 -4.955572 -5.645280 -7.569399 -6.518596 -5.667051 -4.741439 -7.862310 -6.405345 -5.365362 -5.667226 -5.469674 -3.054047 -2.404114 -3.504441 -2.005054 0.997485 -0.172217 3.629910 0.607901 1.595957 0.912154 4.044578 2.803163
3.575347 2.971807 5.001224 5.531263 6.789188 3.240840 4.497364 6.388006 4.964202 6.608865 4.655202 4.027505 2.878262 4.895846 7.098119 4.375814 3.071023 3.037464 -0.147995 2.579306 3.961104 5.532242 2.664539 6.465552 4.041783 7.069413 6.338717 3.449499
1.803333 3.008130 6.663121 3.766584 4.218831 3.622990 4.254663 2.134254 3.833902 2.416244 0.097392 -0.678838 -2.144822 2.437357 -2.364607 -2.510818 -2.087860 -4.832003 -5.689765 -5.966521 -5.124736 -6.150756 -5.762917 -5.099177 -5.718482 -5.273139 -4.807639 -3.002342
0.143565 -1.247326 1.182204 3.023691 7.868159 3.401732 2.679071 3.401461 5.084148 6.151216 3.673771 5.497613 3.801410 2.989555 2.600470 2.284952 -1.467909 2.251960 -2.045256 -2.652124 -6.707661 -6.159176 -4.217008 -5.153508 -4.032203 -9.161824 -4.470062 -5.429815
-6.472988 -4.284205 -0.751759 0.572828 0.644191 0.449216 5.128725 2.949332 4.075470 2.755768 5.769279 4.177161 8.152530 5.507755 4.964651 5.059025 4.332104 3.395966 3.074217 -0.456864 -0.323708 -0.407398 -3.810941 -0.553787 -8.275783 -4.858175 -3.933219 -7.983795
-6.576701 -8.161211 -5.631407 -5.011498 -3.767084 -3.928024 -3.235317 -2.055324 -0.430394 0.519690 2.068296 1.361158 -0.469243 1.360296 4.601240 1.149490 6.042317 4.950787 4.840562 2.983391 5.860164 4.421926 6.730219 7.078386 5.854621 6.455004 5.815921 2.996622
6.063394 2.801951 5.380059 5.610682 5.644117 4.859168 3.569436 5.490630 3.056116 5.804911 -1.293532 -0.139594 -0.234511 -0.502866 1.156973 -3.453224 -3.975712 -0.628189 -4.207865 -3.321524 -4.123689 -4.726542 -4.629173 -4.599993 -6.790343 -5.387027 -5.412653 -5.503047
-5.267023 -5.263196 -6.137588 -4.888198 -5.579152 -4.650294 -2.945094 -6.180318 -4.423631 -4.843465 -3.282789 -4.656000 -4.732878 -3.726651 -2.835236 0.227232 -3.893402 1.294991 2.030034 2.328115 2.917346 4.241484 3.822647 3.509960 3.698203 4.877790 3.581806 6.906042
6.216051 4.876221 5.786496 5.371884 5.298599 3.650517 5.602252 6.592395 3.706781 3.098693 3.972007 5.097802 3.412129 4.059616 4.796846 3.484543 2.052790 5.335862 3.732928 4.404039 5.263898 3.761171 4.646054 4.290389 6.283801 6.613991 6.920395 3.656447
2.441349 6.048067 4.947680 1.531047 6.044913 2.900019 1.188598 2.922741 2.179825 0.325970 -3.467242 -0.898898 -6.213233 -4.116449 -4.306226 -1.038922 -7.264139 -5.060905 -5.170945 -6.470518 -4.366930 -4.599489 -7.546419 -3.898991 -8.138744 -5.216644 -3.232304 -4.473118
-6.673235 -3.420090 -3.275960 -3.033451 -4.979599 -4.421782 -1.945178 -3.360048 -5.609892 -3.547166 -2.419696 -3.452898 -6.113796 -2.404087 -3.658765 -7.835490 -4.824321 -6.254534 -5.306928 -6.478710 -6.730642 -5.479875 -2.994232 -3.885917 -1.337674 -1.868408 0.194436 -3.819566
0.983212 -0.276702 -0.021864 3.414242 5.588721 1.467376 2.477396 3.399587 6.122314 5.279369 4.969590 5.316818 5.262880 5.478805 5.263340 7.327480 3.083575 4.811215 4.114828 5.768664 5.386734 6.154218 3.488940 3.609929 3.191862 2.026399 2.617470 2.992038
1.540756 4.117878 1.366087 4.299370 3.405889 4.205591 5.164207 4.493008 6.184914 4.841637 3.787323 3.178996 6.131891 1.755876 5.600914 4.838456 4.807652 2.919791 5.086245 5.404104 3.051896 6.555536 5.299847 1.407020 3.484254 2.507523 3.268771 4.970543
3.545663 5.587333 3.169011 4.786627 2.494019 4.864142 5.008072 2.300344 4.880621 1.759171 4.995215 3.736963 6.885435 3.196281 6.363029 5.995377 4.564040 4.077287 5.223008 2.441380 1.782355 3.223843 5.475560 2.781933 4.688123 6.537607 5.252297 4.285733
4.799739 5.037701 5.216415 5.849496 4.416233 5.196741 3.301251 3.663975 2.241066 4.238582 3.383766 0.626940 -2.254089 -0.858259 -4.398951 -3.473396 -3.857477 -6.167294 -4.238651 -5.087984 -3.843814 -5.566278 -6.086362 -7.106295 -4.795825 -6.628258 -0.461085 -3.852757
1.769209 -0.025185 -0.030178 1.443398 2.844959 6.945581 6.621069 5.600281 4.772693 8.366389 3.360461 6.849823 3.337363 3.242251 3.743634 3.640079 -2.535381 -0.792819 -2.839450 -4.548983 -3.699897 -4.025432 -8.623758 -8.170768 -7.618569 -4.645394 -5.773320 -4.521298
-0.680861 -5.028953 -1.724540 -2.697983 -0.030465 -1.478105 1.047386 3.081462 2.492246 0.200634 2.370068 5.375934 5.750287 6.217319 5.353061 4.251374 4.637319 5.033500 5.004325 5.327568 5.223089 4.889050 6.468009 4.502623 6.417981 5.752184 2.120997 3.532297
