-4.877367 -4.537690 -4.821604 -3.660219 -4.527318 -4.002897 -0.637643 -1.346812 1.649962 1.115344 0.188529 1.416271 3.335768 4.465908 6.586532 5.724283 4.402183 3.180388 6.057999 4.279763 7.841821 6.214095 7.334221 4.323685 2.548138 7.368423 2.598708 4.352591
4.010737 4.183027 1.647751 4.739529 4.539119 4.645466 5.366731 3.060987 6.123798 3.733957 4.921514 8.024307 4.881753 6.766320 5.844506 6.783808 8.478567 6.747594 6.628967 1.859259 4.537814 7.851323 2.141483 4.654178 4.409576 1.966185 1.581526 3.053280
-0.583143 1.455967 -0.904145 0.042734 -3.244757 -3.524877 -4.491540 -3.732805 -5.080386 -7.638657 -6.456344 -4.861966 -2.916069 -3.610326 -3.291013 -7.120643 -5.895113 -5.283820 -3.936011 -3.375637 -3.331153 -1.305788 -5.336843 -3.961123 -4.016819 -0.905800 0.710133 -3.251993
-3.443907 -5.163197 -2.832186 -5.893117 -7.060263 -4.069276 -4.705538 -4.235817 -3.483605 -3.896426 -4.958847 -4.728818 -4.537752 -6.698920 -3.387711 -2.170341 -5.491126 -3.056573 -5.002590 -5.339245 -4.224353 -4.644540 -7.124495 -7.480093 -6.643751 -4.892630 -6.520944 -6.328331
-6.578450 -2.678046 -4.439452 -3.103154 -2.929860 -3.580067 -0.195342 1.068428 0.744948 1.068031 0.869913 3.848764 3.419425 4.974478 5.557514 2.635611 3.481506 7.786400 7.850390 6.534867 6.170348 7.760713 7.183477 4.742569 7.709582 5.468348 5.802043 4.870420
6.335478 5.686956 6.610237 3.800051 5.008221 4.942099 2.181595 4.126425 3.787639 1.550658 4.466970 0.911458 0.598382 -1.201744 -2.300701 -2.485261 -1.685331 -1.290884 -6.558351 -3.987355 -6.997447 -4.990690 -5.579466 -6.138163 -4.663449 -5.965238 -3.037914 -5.986241
-5.678471 -0.325745 -3.703222 -2.621835 -3.147238 -2.971655 0.799566 -4.953406 -5.616868 -2.770376 -1.173551 -4.888682 -4.189194 -2.415553 -4.372639 -6.516996 -4.968557 -4.076674 -6.318326 -5.050490 -4.352437 -7.071574 -6.276515 -6.902779 -2.729540 -5.118261 -3.847065 -2.187151
-6.278138 -3.807637 -0.512408 0.801548 1.810148 1.467839 0.724561 1.866886 1.499013 2.306594 5.404282 5.422242 4.934851 4.968928 5.949633 8.334404 6.033544 3.833863 4.849382 4.396708 4.538013 6.673220 3.236554 5.848142 6.261343 3.991969 6.076776 7.317257
6.693754 4.940756 1.929377 4.003427 5.559301 1.437694 0.284642 4.017943 -1.248489 -1.813790 -1.399881 -3.037687 -2.477540 -2.905040 -5.611014 -4.720105 -3.281662 -4.223329 -8.607957 -5.112261 -2.350837 -4.262543 -5.977176 -5.179584 -4.522313 -5.194646 -7.006613 -2.602772
-6.393231 -2.259661 -6.212439 -3.734918 -3.685829 -3.549263 -5.527798 -4.177999 -5.029099 -5.707445 -7.908204 -5.966970 -2.484807 -3.941584 -5.905685 -4.201548 -5.195768 -8.185065 -6.977982 -4.896027 -5.829945 -5.690783 -5.987691 -3.216698 -3.209209 -0.068718 -0.598259 -2.956239
2.533448 -0.385903 3.707203 2.819861 3.550795 2.104916 5.148593 4.708737 8.895948 4.656459 3.793120 9.194544 2.097855 3.609574 1.835318 3.711001 1.262213 -1.440163 -2.114883 -3.744435 -5.309334 -5.421943 -8.153222 -7.834847 -6.308043 -8.280968 -4.566969 -4.159523
-5.319004 -3.469699 -2.480108 -0.585043 1.035732 -0.947075 2.442667 1.493160 7.638672 5.830809 7.450480 6.401154 5.501864 5.147099 7.771532 7.323177 5.658584 4.500921 1.774154 3.029380 2.073703 -2.030041 -2.868228 -2.125814 -2.788265 -2.631175 -3.229450 -3.659639
-4.398974 -3.661295 -3.619079 -5.891689 -7.770034 -5.615082 -5.451232 -6.193108 -5.349213 -5.319801 -4.165383 -3.994262 -5.536412 -3.489907 -2.108765 -0.814894 -3.752369 -2.672657 -2.403274 -4.614759 -2.765636 -2.892953 -6.309280 -1.401880 -4.930911 -3.929694 -5.184413 -4.924335
-4.278452 -5.195319 -5.171832 -5.098882 -4.445439 -2.169255 -2.909292 -2.462049 -3.719227 -5.286369 -4.800514 -2.916131 -1.816194 -4.485560 -5.366203 0.356092 -2.939739 -2.541586 -4.864479 -4.399539 -3.463503 -1.771123 -3.681322 -2.832324 -6.595753 -3.725065 -2.972836 -6.134949
-7.021015 -4.363629 -6.745773 -2.904205 -5.429772 -6.466849 -4.152192 -1.907147 -3.730372 -3.418983 -7.708014 -2.234480 -4.237612 -4.530695 -0.421295 -0.236891 -0.288782 0.158491 0.758471 1.238432 3.090552 2.809700 3.155876 5.092327 1.615413 4.184381 10.000000 6.421761
5.945377 5.632828 5.333993 6.006754 4.464529 6.405904 5.495211 6.410779 4.597699 3.515106 4.564380 6.455215 2.438490 4.884012 6.361847 4.647005 3.360059 4.968376 5.488250 4.286734 5.094401 3.544796 5.070636 2.849739 4.167684 6.068166 4.058183 5.961032
3.156947 5.476168 7.375868 6.200152 4.525496 4.431228 4.359693 2.896703 5.047580 5.525188 3.501822 5.601300 7.239956 5.435868 5.261168 3.594095 3.576891 5.307059 5.169304 2.872366 5.107165 6.283548 4.351029 5.571979 5.420468 4.027585 4.846942 6.192285
6.171834 6.881137 7.880881 5.401132 6.545757 8.418596 6.451985 4.830053 1.085561 3.104690 1.362763 2.943573 -1.980770 -1.187758 0.029317 -2.541459 -3.117133 -5.207625 -3.946626 -6.246940 -7.589347 -3.928043 -5.499308 -4.931640 -5.045416 -0.328459 -1.818949 -1.838782
1.459683 -1.243883 1.937148 2.540236 3.390054 2.192364 6.953089 6.161048 8.085655 6.977562 6.919264 5.811871 5.241569 6.705435 4.470776 2.679606 0.313406 0.772150 -2.309755 -2.713222 -2.364203 -4.921869 -4.157951 -5.631394 -6.183967 -6.762824 -9.021624 -4.640787
-1.401554 -4.268592 -3.239306 -4.235567 -1.434285 -1.310784 4.498858 0.950386 6.372218 5.203448 7.971144 6.592529 6.796664 6.619651 7.935513 8.187720 1.623190 3.773476 0.795751 -0.774619 -0.884033 1.722293 -3.304292 -1.816507 -4.091921 -4.558495 -10.000000 -8.112469
-5.736980 -6.496751 -5.894956 -5.190195 -3.435416 -6.264437 -1.573790 -0.966732 2.416620 1.892902 4.189729 3.341294 7.479932 6.428240 4.668415 5.139444 3.728683 8.001946 7.921118 5.383899 4.348309 6.558959 3.548457 2.256528 0.456473 -0.565991 0.058004 0.232517
-3.559228 0.358126 -4.793690 -3.039252 -5.585727 -7.922165 -6.501487 -7.657088 -6.614645 -6.151394 -5.892598 -5.923651 -4.075907 -5.473653 -3.864187 -5.581429 -5.861247 -4.728711 -5.268626 -5.853609 -3.342986 -3.158067 -3.246882 -5.815358 0.612479 -2.822099 -1.606206 -1.478979
2.031406 -0.230581 1.078116 1.382352 2.642389 1.425972 4.845815 5.202577 6.589964 4.637646 5.240239 5.191696 4.486489 8.183342 6.528909 7.545656 5.035168 5.685997 5.937305 6.681530 7.565092 7.493264 5.492607 6.120955 7.306362 5.050362 5.120452 6.396011
4.052981 2.658215 2.874091 -0.233701 0.303542 -0.275554 -2.262521 0.106377 -2.833398 -3.202225 -4.673009 -2.941116 -2.780973 -4.043623 -5.663013 -7.329746 -5.398710 -5.455222 -4.516499 -5.166570 -5.333673 -7.024271 -6.885322 -3.985056 -4.132673 -2.918533 -2.109345 -5.865088
-6.183436 -2.561270 -2.539973 -3.175243 -4.288337 -3.640781 -5.622121 -3.891755 -3.836005 -2.345944 -4.252252 -4.969005 -6.864586 -2.129654 -2.437312 -1.642538 -5.148956 -5.264050 -3.309601 -3.278596 -5.049436 -7.186358 -6.770354 -5.088978 -5.191880 -4.459224 -4.442138 -5.499460
-4.054904 -4.644763 -6.829830 -7.707200 -4.091697 -6.456430 -5.348382 -5.097025 -3.438826 -4.490569 0.221051 1.050541 2.199963 0.194664 0.365948 2.049682 -0.502270 3.360996 2.355479 4.005741 4.340731 6.782317 7.961906 4.387982 6.665480 2.017275 6.629554 5.936983
5.620517 7.432320 9.017006 6.263872 6.731972 9.910150 4.446921 8.264364 7.335230 2.743243 5.645065 3.882721 2.716414 2.727322 1.786617 1.939908 -0.736412 -2.894160 -3.374691 -3.309505 -4.126615 -3.758679 -5.533389 -6.698121 -4.880959 -6.874655 -6.020055 -7.287123
-3.551622 -3.425043 -1.389205 -1.177360 0.177316 -3.554140 1.465086 3.517936 3.263729 2.993052 3.249243 5.619510 4.449459 6.351834 5.308345 5.773442 6.255733 6.353070 4.881744 6.990165 5.218873 6.588459 7.978413 6.167840 6.194975 4.294159 4.630315 4.942797
