5.539374 0.111627 3.727201 0.123373 5.723903 0.862812 5.161695 1.186181 2.048322 4.590232 2.234913 4.869026 2.020930 4.546271 2.026728 7.878947 0.108011 5.006796 -0.283575 3.709115 0.934017 3.823853 1.732538 2.316609 3.359781 4.736813 5.249140 3.942720
7.365942 1.318850 5.695557 0.676205 6.001938 -1.269943 4.148123 -0.371160 5.789594 3.890129 5.234882 3.360724 8.332762 5.033552 2.741427 4.505641 0.342978 4.705853 -0.502437 1.702452 -2.205122 5.707335 -1.994029 9.082503 -4.184716 5.596349 -3.104188 5.693310
-6.305855 3.190187 -6.940341 4.200652 -7.129856 2.024800 -7.000329 0.080096 -5.451761 1.255406 -4.501829 -0.050112 -8.012573 2.334195 -6.497844 3.737717 -8.035499 2.114742 -4.300464 4.750635 -4.342410 4.217763 -1.294019 4.618166 -2.532774 6.529646 0.110029 7.963782
-5.215357 4.396972 -4.202666 3.544456 -3.037189 3.762105 -6.064672 -0.702746 -8.079775 -0.415847 -3.984676 -0.545196 -6.716482 -0.827127 -7.295178 0.654268 -5.655878 1.741293 -7.535019 3.763611 -3.038841 3.998530 -4.601585 4.233872 -3.852601 7.069284 -0.518878 3.256288
-0.909156 8.160357 -0.429911 5.610291 1.741411 4.712868 1.310624 3.868280 1.110965 4.795040 5.835065 5.814785 6.344088 3.299408 5.100775 -0.853064 5.677184 -0.335949 4.408631 -0.836536 7.122138 -4.508944 4.875253 -3.423614 1.814815 -5.951181 3.215306 -6.745001
2.498359 -8.884994 -0.172399 -7.410861 0.939926 -6.111315 -0.527926 -7.625091 1.562785 -6.983324 0.818746 -7.023304 3.065576 -2.730563 3.002769 -3.743505 4.723792 -5.488012 2.407028 -3.630636 2.627451 -0.943027 6.790738 -1.417986 5.524958 -4.762580 3.373232 -3.995922
3.924513 -5.513675 3.523478 -3.946801 2.564474 -5.606236 1.769389 -6.138640 -0.981670 -7.384306 0.224418 -7.598919 0.409471 -6.531269 -4.109059 -5.022048 -5.790303 -4.103257 -5.621212 -1.676313 -7.362409 -2.439645 -6.800783 -1.621187 -5.672935 -0.783180 -6.290181 -3.959583
-7.371162 -1.366161 -7.325930 -6.525663 -4.365441 -4.471954 -2.261544 -5.552849 -5.113669 -5.135433 -1.933436 -6.285540 -1.925949 -6.424522 1.574794 -6.386334 1.230122 -4.621840 -0.226119 -2.951591 3.486338 -6.061863 6.258584 -2.838683 5.082818 -1.245882 5.357519 -1.585795
6.024797 -1.436706 5.659477 -2.454830 6.690443 -3.808505 5.034713 -3.527324 4.550651 -3.833431 2.462821 -7.829077 2.441267 -6.191971 0.406193 -7.616366 -0.289888 -5.563597 -1.450441 -6.859811 -3.592341 -4.245409 -3.655055 -6.420106 -3.197216 -6.381236 -6.046122 -4.958138
-6.845869 -3.372066 -5.711587 -1.935363 -6.788512 0.027024 -7.458960 -3.332884 -5.145604 -4.533370 -7.205053 -5.479239 -5.493173 -3.715971 -3.348777 -7.362885 -3.010399 -5.587900 -2.159347 -6.066173 -1.775151 -6.058634 0.686158 -7.934595 1.364871 -3.598931 2.903469 -3.027224
4.352945 -4.519795 5.581609 -3.151745 4.991185 -4.326802 5.961200 1.158394 5.641968 -1.361529 7.599377 -0.739050 4.281105 -2.441112 4.631128 -3.755333 6.003459 -4.669088 1.950888 -4.372410 1.138116 -6.137171 3.222030 -4.256904 -1.176401 -5.427857 -3.372994 -6.296453
-3.970561 -2.618901 -5.725561 -4.770070 -5.679618 -6.338532 -5.769731 -3.626585 -5.842807 -3.214096 -5.986611 -2.840029 -8.486588 0.097356 -7.279572 2.543883 -4.836976 0.891701 -7.989862 1.413723 -5.768847 6.512973 -2.135071 6.148202 -1.723604 4.682698 -1.184439 6.157090
-3.855569 4.684422 0.645290 5.156556 -0.856269 7.207505 1.738212 6.207573 3.770763 5.681840 5.100490 1.832456 8.959072 2.605451 4.783957 -0.313140 5.471325 -0.041667 5.340183 -2.636048 2.884599 -4.962910 4.536495 -5.845115 4.425618 -3.861317 4.436784 -3.827393
3.672376 -7.973911 0.423512 -8.841276 -3.097368 -3.802518 -0.660805 -5.850746 -0.637234 -6.863458 -4.629471 -6.575168 -4.848672 -2.913758 -9.027621 -4.237408 -8.034065 -1.946144 -9.229150 -1.478683 -6.178329 -0.486267 -10.000000 0.113999 -5.058322 3.336180 -6.358295 4.032320
-7.734418 4.357319 -4.037114 7.366514 -0.497299 5.900811 -0.037238 6.228820 -1.109121 5.940616 2.899250 5.039876 2.071427 5.906985 5.437237 6.081564 4.998034 3.814719 5.947798 4.092051 6.061120 -1.101252 6.255662 0.544591 8.085421 -1.347890 5.015289 -3.107483
4.270495 -3.958425 5.665937 -5.805663 5.496312 -5.228493 2.155472 -6.588863 1.969133 -8.063864 -0.489129 -8.160208 -0.177621 -7.476641 -0.163177 -6.789750 4.710760 -5.266673 1.994240 -4.311877 4.323460 -6.256614 2.262421 -2.855104 5.897911 -2.212894 7.214333 -2.028744
5.189167 -2.324321 5.323109 -2.507427 4.378408 2.735890 5.664875 2.004007 4.789763 0.990494 3.364776 4.899947 -0.154027 6.450416 2.167890 5.262114 -0.426268 8.017193 0.566125 6.471444 4.716802 5.729363 0.021871 6.058947 4.472950 4.295333 2.758998 1.982913
6.052051 0.926264 6.396766 1.331607 4.700187 -2.060427 6.967549 3.225219 6.171408 1.856334 5.301193 2.560260 2.570413 4.912328 3.301007 3.696915 3.165118 6.292725 2.691298 7.254154 -2.163451 4.155180 -1.114159 6.540324 -1.608672 7.498140 -1.672825 5.120728
-5.461399 3.084373 -6.110816 2.956098 -9.318470 0.716172 -5.899644 0.684659 -7.886274 -0.999088 -6.394784 -0.017571 -9.399415 1.743400 -5.035806 2.821149 -4.606282 4.431149 -4.928620 3.816793 -1.047010 8.321679 -3.429239 6.352862 -2.288865 1.746104 0.985195 6.031372
1.864937 6.894161 1.309454 5.410256 5.781584 7.256792 7.127195 1.177288 9.527830 1.394057 6.999352 0.820927 6.166418 1.166097 6.482831 -1.547759 4.384459 -2.371560 4.043521 -4.661136 5.138172 -4.348691 4.053626 -5.787837 1.855858 -8.259626 0.548803 -3.903989
-1.151585 -3.830129 -4.874183 -5.387850 -3.174295 -5.510444 -5.168494 -4.767842 -7.058054 -3.619305 -8.760349 -7.611022 -7.051411 -4.056446 -5.380987 -1.589734 -6.560351 -0.323834 -8.483437 2.199161 -5.623553 0.975981 -6.186359 1.807728 -4.226991 4.736715 -1.826038 3.443260
-4.377851 6.025388 0.831132 5.387224 -0.377373 7.130797 -2.175265 4.166696 -4.191314 7.663504 -3.805254 4.496932 -5.128194 2.493900 -5.974323 3.896393 -7.357487 2.353132 -5.472605 1.056842 -6.735586 -0.312626 -4.849883 -0.758359 -5.367815 -3.108925 -7.466481 -6.029591
-3.838979 -5.985626 -4.089274 -6.101858 -2.046364 -5.824216 -1.020269 -6.185329 0.013854 -6.241163 -2.302935 -6.672640 1.094260 -5.644733 3.123860 -8.034220 1.957968 -5.333000 3.792900 -1.808504 4.562060 -1.564582 5.222389 -2.588387 5.999013 0.967408 3.391077 -2.904094
6.344768 0.849707 6.545419 5.036503 5.090345 5.098515 4.045325 3.325654 1.481193 7.743233 -0.557395 6.541587 -3.605270 6.692703 1.179844 5.100950 4.390147 5.737004 5.188288 3.571091 2.596417 7.544785 4.458786 4.732272 5.181588 2.051811 6.116903 1.963042
8.772912 -2.247676 5.781133 -2.337423 5.283824 -2.816394 6.428030 -3.996767 3.429598 -5.952842 6.413074 -5.605435 0.041601 -7.481351 1.656846 -6.678704 -0.593504 -5.365018 0.725896 -8.221741 0.286404 -5.451568 4.359523 -6.899459 3.360008 -4.970051 4.003095 -3.179908
6.531106 -2.660594 4.812553 -0.937156 7.111883 1.304750 6.702551 -3.284504 6.285605 -4.017529 7.064329 -2.158630 3.687304 -5.521385 3.271189 -6.975023 2.446023 -8.849906 -0.200684 -5.809142 -2.000426 -4.904872 -5.429321 -7.888987 -4.003064 -7.783133 -2.986885 -3.174767
-5.191799 -6.876951 -5.386769 -4.522163 -6.352184 -5.370523 -6.963367 0.444127 -6.134410 0.823450 -5.425768 2.480337 -6.410557 0.939445 -4.203965 3.894103 -6.411323 5.505948 -2.542777 2.790166 -2.470425 5.037472 -0.101734 5.164340 0.732141 6.243617 -1.128171 7.111337
-3.874312 4.587315 -2.151855 5.374700 -3.202975 3.687488 -9.115964 5.571586 -8.337231 1.671562 -8.610879 -0.892844 -9.344101 -1.531480 -8.381351 -0.370917 -8.259583 2.344689 -5.227447 4.974811 -3.969419 6.011066 -6.410586 4.628161 -4.337520 5.434646 1.432128 7.615598
