6.013519 -1.670209 5.860740 -0.062764 6.042242 3.816605 6.940337 0.132236 3.886798 3.573541 7.935499 5.106608 2.331138 5.828998 1.924261 7.860832 1.761309 5.196202 0.768630 5.476546 0.454490 7.075641 4.445718 4.710518 6.138929 1.128869 5.320810 2.682572
6.817360 2.882114 7.652897 0.370655 5.583327 -0.086905 7.305474 -0.364927 6.753629 1.378557 6.612030 3.942814 5.147703 7.187896 4.192402 5.016159 3.470643 6.011041 2.018366 6.727417 -2.974414 6.493541 0.052502 7.307930 -1.631546 6.825702 -0.847260 4.217872
-3.412519 5.509706 -3.595041 0.526946 -4.670974 0.895310 -6.414611 1.546848 -6.008700 0.709879 -5.701098 2.966030 -6.344666 1.821958 -4.705016 5.812187 -5.557316 3.353084 -0.625918 4.983088 -2.494796 4.907115 -0.775303 6.856690 0.080479 6.197401 -3.632988 7.894485
-2.129827 5.689985 -0.771095 5.138001 -4.915688 5.076653 -6.526117 2.753446 -7.866329 1.329348 -5.381129 -0.988611 -2.546497 1.400705 -5.754232 0.727776 -6.318984 4.249001 -6.531663 2.019330 -5.234592 0.463193 -5.783102 3.255422 -0.419545 7.212653 1.645322 6.050385
-1.318397 6.290204 1.033114 3.429718 2.039418 7.557307 3.876757 5.148485 6.054827 2.808556 4.772804 4.336393 4.027184 2.678409 6.698706 2.603510 7.264749 -1.021587 7.056085 4.382761 5.185228 3.467379 6.015291 3.292025 4.748230 3.060883 3.286351 3.611377
2.321171 3.704811 0.040920 4.840326 1.534658 7.870372 -0.645536 7.482388 -2.743602 7.577553 -2.303256 8.401232 -7.067758 4.421729 -4.063604 3.027351 -8.438042 6.605880 -4.955980 1.057865 -3.757805 1.845367 -4.380395 -4.057009 -5.936070 -0.244509 -6.577941 -7.344866
-4.386758 -3.440778 -3.423866 -6.296143 -1.745243 -3.545111 -3.552419 -6.250225 0.335839 -8.116400 -0.974167 -6.337276 -1.486210 -5.350678 -3.604686 -4.469463 -4.003355 -2.444391 -4.857727 -2.363965 -5.574550 -3.437131 -4.731529 -2.221087 -5.433364 1.656443 -4.513518 -2.034145
-7.736408 -3.929530 -5.747508 -3.616774 -1.886920 -5.350335 -3.519241 -6.089092 -2.739320 -6.999877 -2.214464 -4.139086 0.295679 -5.042198 -3.063152 -5.313577 -1.545450 -7.757189 -2.240462 -6.453318 -4.811253 -4.774392 -5.490308 -4.588316 -5.366743 -4.753115 -8.625921 -1.131976
-6.500320 0.804917 -5.601568 1.381368 -3.540919 -0.334902 -5.131632 -4.976425 -1.864534 -4.432117 -2.947402 -6.585734 -0.667104 -7.148759 -2.550945 -4.603674 0.215680 -7.445101 -1.106816 -5.133814 -2.262687 -7.409246 -5.819374 -5.935524 -4.241225 -3.993401 -3.688358 -1.415228
-6.614473 -1.598202 -4.596098 -0.615208 -8.128386 -0.569792 -3.801064 -3.581798 -7.694880 -5.152134 -1.048077 -4.444801 -5.913889 -4.710293 -4.683491 -5.651691 -2.643954 -6.397991 -3.853442 -4.672795 -1.286237 -6.782397 0.258340 -6.804501 -3.475291 -3.995758 -6.045351 -2.418828
-5.222579 -2.274029 -6.114818 -2.615400 -4.316137 -4.258289 -8.159361 -5.252986 -5.110503 1.697192 -5.893762 -0.349603 -5.244298 2.986803 -3.642844 4.351073 -4.335641 4.640956 -4.669409 4.914113 -4.296579 6.136356 -1.705212 5.984830 -0.905533 6.346732 -0.049864 4.597440
-4.986628 5.571431 -3.568420 5.868372 -3.496416 3.007002 -4.079737 3.524740 -6.143027 1.593758 -7.417085 2.152423 -4.303743 0.271858 -10.000000 -1.454560 -8.614077 -2.932464 -5.980544 -3.983230 -1.994924 -3.464280 -1.818846 -5.725802 -2.650462 -5.521655 0.491198 -4.486959
-0.364091 -6.938025 -0.914009 -4.424258 -2.154472 -3.469535 -0.275778 -5.584249 -1.979427 -4.054220 -5.431336 -2.820354 -3.643845 -1.181410 -6.769479 -1.343863 -7.395568 -0.502766 -3.676426 -0.479201 -5.107227 -1.427927 -4.713308 -3.945464 -3.427354 -2.656114 -1.301944 -6.714714
-2.508556 -7.005446 -2.523955 -5.646379 0.251297 -7.693635 0.174713 -5.126536 2.679398 -7.466632 3.103942 -4.195354 5.243798 -5.427084 4.858812 -4.211412 8.151557 -1.106656 8.635910 -0.463765 5.215078 -0.725789 5.659758 -0.412504 5.123066 -0.307655 3.703174 3.636744
3.765792 3.375025 2.873248 6.603688 -0.429859 5.701691 2.330835 7.023072 1.051953 5.373852 2.936761 4.954155 3.491961 7.069820 2.577097 5.389375 2.055552 4.636000 3.789109 3.446682 6.130896 4.244442 6.055693 4.033540 8.367642 0.433420 5.674816 -1.065272
4.383650 -1.215759 4.753772 -3.746981 4.407104 -5.257963 4.798502 -2.463291 -0.919059 -7.168164 1.310874 -6.777524 3.932558 -5.860355 5.066224 -6.070986 4.384408 -7.138805 5.010961 -5.399634 3.137411 -3.097205 6.665340 -3.764179 5.512859 -1.808461 5.207973 -2.534183
8.935701 0.812246 5.863367 -0.054586 7.426476 -2.853345 3.818128 -3.472960 4.259086 -0.326102 5.909966 -7.866650 0.352260 -4.866304 0.449817 -5.237903 -0.395288 -5.444340 1.101684 -6.953991 3.034675 -6.333882 3.743558 -5.914252 3.165746 -5.032020 4.796195 -2.187977
5.582449 -1.892267 6.508892 -0.103168 9.080228 0.649927 7.108073 1.936574 5.606482 2.181402 5.267844 2.130381 3.857238 5.895957 4.181632 2.747498 0.719462 7.851770 3.295550 9.923893 -1.431378 6.374538 4.414022 9.160756 1.717213 5.269513 4.400515 6.425683
3.863140 3.164555 5.028590 4.693784 7.093852 2.276671 4.360348 2.812856 8.760799 0.820492 5.946656 -1.359048 6.562205 -2.252743 3.403977 -1.983930 3.767450 -3.272825 1.746284 -4.628815 2.113895 -6.778468 1.777868 -6.626148 0.807919 -5.775777 -0.942273 -5.427006
-3.814833 -3.493955 -2.338426 -2.152379 -3.069229 -3.209106 -3.397638 -2.754928 -4.645344 0.121753 -7.581676 -0.339551 -4.779981 1.372137 -7.027753 2.011395 -5.083101 0.557090 -4.900311 3.944317 -4.467055 4.945846 -3.375947 5.514091 -1.617516 6.211709 0.402293 7.166992
-0.064772 5.799931 1.922967 8.936685 4.370230 8.079313 4.659604 4.767823 2.949471 2.562454 3.551658 0.704509 7.261045 0.980310 8.711144 0.518124 6.085493 -1.362661 6.919759 3.721240 6.502331 0.360160 4.519005 1.022380 5.727352 5.667249 3.358824 6.144631
4.266355 5.077907 2.187121 8.457589 -0.308389 6.674418 -2.779452 5.542650 -1.365096 7.862716 -2.035521 3.949417 -3.601786 4.463733 -5.737341 1.999032 -6.431905 1.930807 -4.405989 1.709446 -9.357499 1.177107 -1.727117 -0.659424 -7.216543 -2.034426 -6.143289 -5.100144
-4.153415 -5.635083 -2.754738 -4.395608 -3.804194 -4.156829 -2.136597 -6.658113 -1.716099 -6.281919 2.244136 -5.054798 2.475055 -5.912882 5.983912 -5.412032 3.294765 -6.058168 2.120587 -4.605822 4.105841 -2.064739 4.845461 0.658179 5.392920 -0.773927 4.301468 -1.152558
7.336653 2.054955 5.961290 3.937737 5.487009 5.881641 4.115491 9.021354 2.759905 7.572571 -2.165920 7.053541 0.091163 5.116498 -0.005167 7.257315 2.483856 6.069385 5.389956 5.072304 3.029792 6.111600 5.382759 3.937888 7.516968 1.867827 3.827098 0.666494
5.097812 2.138823 3.962059 -0.721905 4.078281 -6.448187 5.542970 -4.085928 5.444870 -3.279871 2.890250 -4.469988 -0.634757 -5.127028 -0.542827 -6.295167 0.023352 -3.966196 0.104783 -3.753862 -3.021291 -4.187493 -1.394449 -4.817507 -1.796672 -5.176671 -4.821582 -1.411812
-5.144551 -0.721931 -6.065129 1.747864 -4.393542 -0.062157 -6.669595 0.676570 -5.350294 0.929962 -1.096306 2.664448 -5.081590 4.760914 -3.472018 5.379479 -1.975273 7.545641 1.708583 7.065206 -0.280576 9.162743 -0.590417 7.166651 4.062106 5.534488 3.857269 5.897452
4.634224 4.378842 4.491703 2.971272 6.528737 1.564925 5.809750 1.277113 6.812865 1.612555 5.609929 0.539992 5.444682 0.325756 5.024516 6.272182 2.931285 5.236200 3.085397 6.151076 3.969465 6.446106 0.243670 7.113570 2.513471 7.917756 0.675570 8.219769
1.739633 7.850897 1.534878 4.276154 6.083123 3.433719 4.738378 4.779050 6.551919 1.426725 5.810103 -1.146048 7.274964 1.475010 6.881621 -1.315288 8.723882 -2.814264 5.672401 -2.345060 2.962617 -5.575781 3.169367 -7.295689 3.754814 -6.663091 2.206550 -6.771513
