-2.891535 -4.704115 -7.440360 -2.264388 -7.559833 0.480722 -7.914261 3.346661 -6.203272 6.507562 -5.543093 6.550581 2.222304 5.101753 4.707218 5.898201 6.980474 5.234295 6.274979 4.177233 4.722640 0.232533 5.804089 -4.031199 2.916438 -5.949709 3.598679 -7.346266
2.092746 -3.505485 4.513985 -2.132371 5.486378 -6.532930 3.686754 -2.851667 6.388970 -5.911032 6.566025 -2.030555 5.556056 -5.313644 1.233264 -4.970313 -0.713512 -4.928350 -1.537940 -7.930624 -2.720237 -5.247461 -6.883611 -6.952813 -6.526640 1.516147 -6.252415 3.104330
-4.397122 5.401487 -4.295876 7.428258 -1.227835 7.106985 -0.441319 3.626083 2.956545 4.248669 4.313465 2.728195 6.656722 3.484236 8.887721 3.673142 5.976358 8.460948 3.194664 5.841669 -1.115486 7.799834 -0.370357 6.831186 -6.782546 6.041512 -3.795235 2.186328
-7.024505 -0.083081 -4.886893 -3.359037 -4.338243 -6.444081 -1.646348 -4.953552 -0.011691 -5.663071 1.465031 -4.332494 7.807538 -1.293559 4.836653 -4.270855 7.720128 -4.740016 3.741110 -4.514120 4.475270 -5.185589 4.850695 -1.294104 5.549553 -6.261941 1.294468 -5.966934
3.358190 -6.625772 4.133086 -5.351366 4.533099 -0.134655 4.745939 6.090529 4.974826 5.523465 4.645971 6.492683 0.425903 2.867305 -1.150537 3.734902 -5.059272 3.124721 -7.780595 6.400863 -4.611578 5.407971 -5.781667 4.022117 -4.515427 2.743211 -0.295544 6.009484
-0.451837 2.688877 3.377670 4.254146 7.239415 7.112649 6.566515 3.679893 6.032253 5.495090 3.567935 3.980287 6.813359 4.534109 2.122171 5.494567 -0.840684 6.543619 -4.461917 3.571276 -3.503611 4.624995 -10.000000 5.979600 -4.886578 4.456803 -5.297608 5.035815
-3.776798 1.957648 -5.113740 2.949595 -1.374449 4.336074 -6.324825 8.523873 -4.305631 3.997751 -3.787977 2.211257 -5.887964 -1.124934 -6.048635 -3.520909 -4.898531 -5.274631 -3.620118 -5.832023 -4.724275 -7.088474 -5.016244 -6.868478 -5.692931 -6.182149 -4.910386 -2.872715
-5.732899 1.680307 -4.133508 4.067607 -5.659283 6.908655 -4.830878 3.888470 -6.418626 6.564893 -4.961476 5.130923 -7.687342 5.096356 -4.013177 2.722701 -4.473033 1.464130 -4.414033 -2.413423 -7.282203 -6.751097 -7.188376 -2.832970 -4.476209 -4.887023 -2.443241 -7.602380
-1.692737 -2.232821 -5.568308 -2.033647 -6.469594 1.302386 -5.897174 4.711158 -5.021520 4.102848 -1.137260 8.546046 2.534639 8.367615 1.150779 4.291984 4.552796 5.016960 4.440944 3.107917 5.185832 2.755898 6.404275 -3.129757 6.508468 -4.968888 2.349373 -7.377030
-2.339590 -5.586287 -2.746552 -5.266437 -5.420222 -5.821290 -7.814410 -3.123899 -5.481319 1.436682 -6.449221 4.744803 -2.179839 5.836134 -3.620503 4.469043 -5.977096 6.305917 -4.217321 6.317491 -3.557901 3.688210 -4.808733 5.619775 -5.591502 0.330915 -4.948591 -2.569100
-4.706605 -3.097562 -4.012966 -5.764151 1.820428 -4.974397 2.839754 -5.367805 4.338203 -4.264775 5.070254 -6.880734 5.782475 -3.331779 6.181417 -5.203515 3.278880 -4.167717 4.411357 -4.256164 2.006270 -3.939212 -3.737514 -7.876252 -3.310837 -4.014056 -7.349936 -5.234703
-6.480512 -3.833230 -8.209962 -6.750247 -7.703516 -7.090347 -1.323258 -4.590271 -1.447539 -5.503160 1.458992 -7.042280 6.660801 -6.370244 6.083079 -3.676561 6.993959 -0.021702 4.912565 3.098905 4.880476 4.908719 3.586852 4.892093 0.387971 5.762348 -3.417501 6.521258
-4.699097 4.209892 -3.149434 2.001071 -7.526598 -1.011386 -2.606312 -4.931354 -4.844711 -4.656138 -5.202191 -6.218167 4.574949 -5.193029 2.129439 -3.941787 4.561159 -5.407701 5.664533 -2.432690 8.101856 -4.259054 4.279675 -5.638435 3.121509 -6.324577 4.178666 -4.745905
5.602635 -6.455459 2.312783 -7.035613 4.147974 -2.863338 4.798857 -5.011899 6.139726 1.799404 4.866068 1.813737 2.934326 5.410611 5.029930 5.857104 1.047605 5.655685 -1.818050 3.887990 -4.617165 4.424078 -6.823205 2.120583 -7.662149 3.856513 -3.393930 3.794843
-4.454875 4.241763 -6.098153 3.936749 -4.247571 6.021907 -2.971537 6.412537 -4.843874 6.073146 -7.053873 4.213130 -4.690490 2.515509 -6.353871 -0.279229 -8.197603 -5.239785 -4.927373 -2.548040 -1.605836 -4.733115 -0.973135 -5.777069 -5.675956 -6.676978 -3.337569 -3.326205
-3.670825 1.947371 -5.894925 3.598570 -2.922906 4.352355 -2.092073 5.258937 0.542840 6.162473 1.389290 4.231061 5.008140 2.937330 3.742762 2.718785 4.941283 4.315387 6.919073 6.384138 4.373662 2.857178 3.146938 4.669433 1.564531 4.455095 -2.539136 7.514217
-8.859575 5.254240 -5.615737 5.588790 -5.430645 4.622430 -1.494001 0.773487 -2.908755 4.917844 -4.667163 2.597988 -3.270668 3.752623 -5.206402 4.690579 -3.012935 5.290078 -3.004443 8.167844 -5.980846 4.211627 -2.743070 4.083776 -6.538006 6.601313 -2.070602 4.730374
-1.510636 3.530562 2.334138 4.341947 5.052789 8.154546 3.311582 1.879309 7.897814 -0.744774 4.968295 -3.068697 5.035229 -3.944045 2.417682 -7.061896 0.744280 -5.858875 0.072372 -4.437964 -1.597704 -6.709567 -7.364543 -0.098999 -6.148115 1.245079 -4.286650 2.279393
-5.357987 3.656788 -0.744190 6.545549 0.886239 8.505443 2.748388 6.915462 4.420021 4.662554 5.372574 4.451159 6.147830 -1.151177 5.781136 -3.843111 4.265831 -3.485084 2.323136 -3.297073 2.958295 -6.564028 3.430661 -5.837290 3.868450 -5.163460 5.309185 -2.335906
5.255364 -2.149119 8.387264 3.769248 5.466172 4.933251 3.716035 6.501394 -0.909760 5.855795 -1.842370 4.951167 -4.692271 4.055275 -5.226305 5.630358 -6.098599 3.522812 -6.026435 1.191643 -4.698392 6.016444 -2.963284 5.951844 -0.709722 4.850948 1.554037 6.090716
5.545367 2.486690 5.192287 3.261675 5.380681 0.342032 4.188550 -4.990124 4.459693 -7.826318 4.289568 -6.206766 2.425408 -4.785883 3.947451 -2.271161 5.538006 -3.155586 5.141167 -4.412159 4.722031 -2.901350 4.055927 -5.188180 4.008744 -3.010731 7.284705 -4.330369
4.409332 -7.948908 4.724474 -4.375710 4.081334 -6.826356 2.960990 -2.202760 8.034030 1.382559 5.818499 2.924780 5.143550 4.732329 2.282589 7.199872 -0.920628 9.999999 -4.239268 5.631835 -5.196496 2.459087 -3.721509 2.706960 -5.877644 1.433679 -4.758874 -6.262369
-5.978256 -5.569719 -5.952707 -7.857769 -5.628750 -5.500079 -5.677399 -6.794757 -4.335591 -4.136230 -6.497387 -2.385709 -6.455681 -5.707462 -5.697812 -4.948156 -7.102602 -5.284354 -2.897563 -6.117190 -0.628223 -7.608971 1.529447 -3.917311 7.262239 -4.655419 7.069199 -4.363145
5.025101 -6.103219 5.953149 -4.078251 3.679820 -1.696253 3.963284 -4.416632 -0.163439 -3.836703 -2.542942 -3.313277 -6.187467 -3.751991 -3.426824 -6.970885 -3.953293 -5.007591 -3.677171 -6.746118 -2.574310 -3.818084 -4.128015 -6.558447 -4.644704 -5.424159 -2.523142 -4.392633
-4.452662 -3.803573 -4.437658 -2.463325 -4.315826 -6.534424 -7.076939 -6.479260 -7.924322 -3.710051 -4.136097 -4.738404 -1.506850 -4.307456 1.919096 -4.466151 8.712457 -4.362892 6.639263 -5.667126 4.953747 -2.938147 5.907910 -0.292583 5.316799 -4.481718 0.752747 -4.586833
-1.035712 -5.920551 -3.360167 -4.589262 -5.627398 -4.367869 -7.987834 -2.080378 -4.258345 -1.719381 -6.730178 5.789050 -6.202746 5.573287 -3.259577 4.709177 -4.594030 5.323421 -4.364041 7.271561 -5.216643 1.820948 -4.607410 3.743136 -5.564770 -0.750643 -4.860216 -3.881981
-5.966565 -3.397362 -4.730258 -6.475906 -4.234110 -6.480491 -4.709684 -6.862259 -6.368946 -6.460352 -3.652145 -3.315654 -2.047860 1.492409 -5.954714 2.000041 -4.199621 1.558715 -3.477588 5.868057 -5.427855 5.317976 -3.386002 7.149769 -4.598848 3.804074 -2.977090 4.724452
-6.825032 -0.576869 -3.900969 -4.553041 -3.077633 -4.731916 -3.887929 -8.796268 -0.456412 -7.721450 2.774264 -5.471955 4.553903 -6.668417 4.281715 -5.604224 2.320416 -5.047927 3.261535 -6.544155 1.983314 -4.907178 3.909547 -5.360737 4.001036 -3.364241 4.387904 -4.058286
