-9.104095 4.904272 -8.069336 -1.375545 -2.708645 -2.856853 -5.471605 -3.141049 -2.498398 -6.131038 -2.500511 -5.304207 -3.453338 -8.065989 -2.623003 -5.234235 -4.586835 -1.995272 -3.834316 -6.204791 -1.870638 -6.538334 -5.525584 -3.049746 -5.534606 -4.208032 -4.801695 -4.528552
-4.016741 -7.288073 -1.348917 -1.407352 -3.514211 -4.310692 -5.157704 -1.473863 -3.237192 -3.839822 -7.939494 -2.349901 -7.153463 -3.663601 -1.057370 -4.913550 1.863437 -2.467441 2.527259 -2.422952 4.076694 -5.580169 5.432583 -3.727332 7.707758 -9.061661 4.355331 -4.253205
4.762727 -1.507020 3.072963 -3.326867 1.976111 -7.154121 0.703684 -5.050751 -4.990935 -4.033033 -3.680856 -4.976690 -6.612842 -0.868945 -5.987744 1.213330 -4.788664 6.323875 -1.674909 7.442684 -0.513976 5.025380 4.754665 6.563640 4.799471 6.031391 4.474105 3.640472
6.213619 3.611784 4.948843 6.295045 7.333935 3.628067 4.502515 4.725999 -0.563748 5.704124 -3.278759 5.291389 -6.335057 7.307604 -5.332253 2.756879 -7.064495 4.470291 -0.775055 2.391609 -3.827578 3.554505 -4.391738 6.339759 -6.161847 5.400117 -5.686121 7.894377
-9.358305 4.992569 -6.080989 3.143867 -3.971794 0.467680 -5.096922 -5.082453 -5.292002 -6.145555 -3.406374 -6.417403 -2.638508 -7.830240 3.127131 -7.935883 5.208913 -6.453744 6.110075 -3.306999 3.659635 1.263237 6.186317 3.233105 6.661226 4.697094 5.174455 4.543281
5.292468 4.024769 6.024750 5.541298 3.922871 4.364516 3.330113 5.365222 3.718292 6.071590 6.049803 6.512240 5.123956 5.876372 6.370231 5.003276 5.790039 7.240111 5.601770 6.417186 5.991138 3.027417 3.983602 3.759608 4.435442 -1.558881 4.348379 -4.445242
2.960871 -3.100645 1.845483 -4.923958 -0.530653 -5.447747 -3.762387 -4.905272 -5.933867 -5.542677 -5.672152 -3.304832 -3.326822 0.236721 -6.136324 2.556365 -1.683031 5.087629 -3.918726 5.375902 -4.107364 6.269118 -6.990195 6.417124 -3.185202 4.341463 -4.221842 6.018710
-5.698534 4.286974 -4.866769 3.912383 -4.274209 3.537286 -5.595116 4.832719 -3.386618 1.833155 -2.119289 4.285779 -3.142199 3.428165 -5.061248 2.931977 -6.807109 5.189536 -4.335667 4.939147 -5.494468 5.313192 -0.923218 3.485920 2.661697 6.945134 2.814918 5.967035
2.464503 7.070689 4.970963 2.695123 6.545091 1.023331 7.829798 -4.458113 2.829270 -6.995648 1.800797 -6.680062 1.369229 -4.242641 -0.928266 -4.843637 -5.257113 -4.619318 -6.298811 -2.608673 -8.158692 -3.094787 -5.899721 1.934352 -2.804131 5.291075 -0.995665 8.760621
1.111315 3.942433 1.344638 4.157939 6.534179 4.704086 3.138855 2.936735 5.841899 5.516081 7.565450 7.666800 2.851817 6.628563 3.248405 4.771500 -1.056078 3.762634 -2.822312 4.309263 -4.304395 3.759831 -6.536317 3.687687 -4.901529 2.152998 -6.345023 -4.257928
-3.565799 -3.907517 -5.898455 -4.933649 1.944717 -6.584211 2.310688 -5.515851 6.624885 -5.864046 4.114814 -4.467367 2.546610 -0.653341 4.305010 2.530800 4.148272 4.685511 3.902375 5.654080 4.507505 4.627738 5.822351 5.133052 4.652384 3.440038 5.258315 1.933243
4.285962 -1.397192 5.792020 -3.672534 4.680315 -6.139173 4.827972 -7.505923 3.463823 -7.892285 4.453840 -4.384253 8.326724 -5.068363 3.829002 -4.672301 5.338712 0.662708 4.899513 4.193470 4.602712 7.298293 4.972116 5.626807 -0.164157 3.819809 -1.256725 3.376449
-3.366555 4.217818 -8.563540 3.091959 -7.256544 6.132262 -5.273973 7.702118 -6.792285 3.285438 -3.512736 2.088303 -6.379162 0.143260 -2.849980 6.564551 -1.815095 3.550741 -2.310872 5.940134 -6.272088 7.679851 -7.337024 4.176257 -5.260228 3.629438 -2.090817 4.670288
0.589998 4.858780 3.656031 4.637141 3.859022 7.279379 2.266410 -0.023058 6.982420 -0.421496 5.610660 -0.608108 5.156392 -4.941716 3.755625 -3.565116 1.390148 -5.667580 -4.164097 -3.251164 -6.707281 -2.612054 -6.409475 -2.319024 -6.853787 -3.469582 -6.333542 -5.595932
-2.540438 -5.801922 -4.563828 -5.793361 -6.167051 -4.370252 -3.480820 -5.297415 -3.040330 -3.964325 -6.786328 -3.256402 -7.783271 -8.382748 -6.059275 -4.289454 -3.521919 -5.713604 -0.342424 -4.056653 -1.568886 -5.255246 2.670133 -3.505631 6.539091 -6.045590 5.842676 -3.675416
6.979852 -3.751306 8.140755 -3.699583 5.892712 -4.429371 4.453468 -4.615801 0.055200 -3.015757 -2.029392 -5.879392 -5.416608 -7.477555 -7.785552 -0.542319 -6.837737 -5.319717 -6.531763 4.192063 -5.295288 5.608794 -5.215584 7.534972 0.705993 6.634906 1.649694 7.470922
4.979520 2.556685 8.349141 3.129468 3.769536 -1.937226 2.831835 -2.745573 5.016442 -4.368796 2.647295 -5.227583 5.228464 -6.443175 5.028886 -5.031201 2.394529 -5.346509 4.225842 -6.526482 5.954786 -5.934623 5.480031 -5.770604 6.644091 -2.176474 4.988361 -5.252826
0.098352 -5.901981 -2.041854 -4.038524 -5.152841 -6.951132 -4.516322 -3.569071 -6.346409 -6.789280 -7.916749 -5.735119 -2.509996 -6.110945 -3.594377 -7.801827 -0.914235 -4.238662 2.673468 -5.859094 3.932008 -5.971875 5.496598 -2.957028 6.397793 0.806340 6.692973 2.781280
5.809730 5.724898 3.706568 7.635369 -1.663954 7.371958 -0.011860 5.509293 -3.428201 5.590975 -6.292670 5.093317 -7.712650 0.700467 -5.924978 -2.736177 -5.699175 -4.780741 -0.805450 -3.345346 1.698805 -5.047877 5.493745 -4.090912 2.860171 -3.885670 7.340563 -3.697856
5.490037 -4.499156 6.211277 -3.867330 4.167503 -5.733970 3.120780 -2.086409 7.026595 -7.968396 6.089643 -4.736535 4.415235 -5.143110 4.069876 -4.679495 5.380813 -4.849146 4.460678 -4.585491 5.889419 -4.928932 3.990094 -4.574933 -0.719797 -6.129683 -1.637862 -4.272357
-6.041595 -4.476451 -6.364579 -4.129049 -5.774255 -3.430940 -5.147858 -2.865580 -4.524374 -4.295215 -5.897159 -3.396950 -6.287799 -6.451785 -4.121570 -5.254015 -3.835193 -9.275978 -3.402445 -3.339151 -6.802201 -0.996907 -2.893452 1.567927 -5.827212 4.925508 -4.501521 6.483291
0.585727 4.182427 3.487067 5.579242 5.099358 3.792662 4.078526 3.986832 4.725591 1.760331 5.314522 4.705127 5.184951 3.414325 4.176256 4.531857 5.199534 1.202328 5.163449 4.160093 4.836043 2.742229 4.956816 5.438602 5.288213 7.586177 7.351131 4.607347
6.810317 3.677913 4.580620 1.783383 -0.315003 4.630892 -2.659512 6.505606 -6.375752 6.045600 -4.119282 3.694774 -6.763983 0.707993 -6.272568 -3.330906 -5.665306 -4.893006 -2.915012 -3.049028 -4.377561 -4.325289 -6.314596 -3.475183 -6.268486 -7.740770 -4.970217 -4.158815
-2.017539 -4.081824 -6.014999 -4.954255 -5.016865 -4.798357 -5.281647 -6.567065 -3.770637 -3.688081 -5.233000 -5.744984 -5.752386 -5.223068 -3.394389 -4.883111 -6.865390 -1.465902 -6.173107 -5.057337 -2.140391 -3.413439 -2.306697 -3.446622 -1.492908 -6.339175 2.940871 -6.145926
3.116374 -3.011085 6.334856 -2.936622 6.467590 -0.860019 7.659951 1.451547 4.241609 4.597022 3.721842 5.262236 0.902809 7.010723 -5.997463 5.128895 -3.512758 3.278436 -4.854072 0.563720 -6.011859 -2.368992 -5.768476 -2.759064 -3.933253 -3.278963 -3.771498 -4.498488
0.121899 -10.000000 3.521969 -4.413409 4.085172 -4.166728 7.470031 -3.323819 6.258879 -3.229579 6.900044 -5.057082 5.403149 -5.801189 3.077788 -5.532501 1.763861 -5.994890 -2.037289 -5.362734 -5.370142 -5.477724 -4.327638 -6.745985 -4.540132 -2.749544 -7.299984 -0.416666
-5.349273 -5.169605 -0.562042 -3.891114 0.217625 -5.968079 2.117624 -5.500270 6.091821 -7.318232 7.802042 -4.415232 6.688869 0.948615 5.100814 3.029059 2.917306 5.151177 4.107041 5.905794 1.643113 5.292036 -2.615255 4.235026 -4.908107 4.848893 -6.308323 4.204737
-7.747807 -0.221057 -5.441310 -3.545052 -3.796238 -4.609216 -4.692453 -6.374554 0.470112 -5.663741 2.220713 -5.330193 5.882019 -4.919065 5.735418 -2.997298 5.218624 0.961467 7.749032 1.340697 6.489587 5.532559 4.292723 7.458675 1.296529 6.212052 -4.337536 6.311088
