5.142991 -0.684920 3.983124 -6.199860 5.466822 -4.792505 2.999571 -5.214972 -0.483133 -5.547187 0.277224 -6.848789 -2.531937 -5.126604 -7.663936 -5.502743 -3.741395 -4.231611 -8.573008 -4.665223 -7.249894 -3.240852 -3.987731 -2.184942 -6.165514 0.228454 -4.960725 1.293318
-6.082887 4.470908 -7.474674 7.704922 -5.036005 1.446864 -2.629445 3.021478 -1.530982 6.416487 -2.605993 6.280087 -0.955845 5.867690 1.083343 4.052624 5.834740 3.871066 4.658399 3.305569 8.988885 2.241135 4.795381 2.540175 3.414013 4.572763 4.754133 4.565882
0.809581 5.174496 -4.180610 9.026159 -7.018576 6.720261 -3.107291 5.986933 -5.313389 6.603540 -7.116322 7.451218 -4.059410 5.609297 -1.262780 0.393949 -3.538185 -2.825020 1.441145 -3.276773 4.903063 -2.487750 4.660254 -2.638678 5.771603 -3.314827 5.569967 -4.426319
8.012149 -6.492447 5.728521 -3.667236 6.538335 -3.067546 3.200143 -4.241380 7.778039 -5.297575 4.191714 -3.719380 6.424236 -4.122552 3.516385 -2.356547 5.307686 -5.000378 5.975398 -0.864012 3.782626 -1.262496 5.842018 1.610591 4.599013 5.966619 6.664125 7.214222
8.321374 6.675552 4.621417 7.571548 3.432422 5.663393 3.169707 3.876726 -0.336741 0.802400 -2.229529 -2.900627 -7.224075 -3.986342 -3.373665 -7.127658 -5.330904 -5.868254 -6.959409 -5.432600 -5.094380 -6.565878 -2.001680 -1.473421 1.955568 -1.249684 1.185488 2.806215
4.310622 3.486489 5.789569 5.425702 6.500694 6.769594 8.787198 5.888737 4.399118 5.785883 2.936399 2.971383 3.292370 -0.687987 -1.364087 -1.685528 -1.933679 -1.944170 -4.879550 -0.737777 -5.506365 -4.035439 -6.552650 -6.219675 -4.216052 -7.968225 -3.748474 -6.023345
-5.547494 -5.207654 -8.123574 -4.390290 -1.423962 -7.761395 -3.057546 -4.747858 -3.826271 -5.658182 -2.152258 -5.095096 -2.498643 -5.326466 -3.774242 -0.869370 -6.875403 1.141992 -7.665972 3.481211 -5.927918 2.559225 -3.999300 0.790021 -5.225389 5.089114 -6.664576 3.979754
-5.262349 2.835768 -2.219318 2.092012 -6.994124 5.930249 -6.742589 3.941864 -2.032009 5.532585 -4.728140 4.418366 -2.835837 3.871982 -3.820897 4.237587 -4.263937 1.283058 -4.850642 6.052176 -5.409874 6.160367 -3.651729 6.141142 -5.392064 5.757441 -5.155199 5.574177
-4.194003 4.552125 -8.152361 3.100370 -4.355747 6.464304 -4.832618 2.842814 -5.671845 4.305275 -2.983156 5.268377 -4.356783 8.736655 -4.881634 4.220462 -4.937458 5.266546 -4.343361 3.991029 -3.288215 2.868568 -5.189959 0.958490 -4.549036 1.991495 -6.119933 0.971033
-4.029063 -3.694574 -4.244247 -2.535505 -5.982530 -4.721499 -6.169934 -6.367834 -4.746439 -5.382384 -2.152129 -6.076159 2.815240 -5.234278 4.216597 -3.850175 4.746945 -5.875941 4.856856 -5.729684 9.389842 -4.395418 6.524906 -5.019300 4.718307 -0.442698 3.624951 -1.955544
0.199637 3.081274 -1.056285 4.078966 -7.817331 4.119041 -4.251087 4.694706 -6.796101 5.753453 -4.824276 2.909380 -3.881872 4.280204 -2.167260 4.939027 -0.648513 1.612192 2.093870 -2.577880 4.059912 -2.645794 8.922095 -7.161278 5.920208 -3.459156 7.117359 -3.939244
4.375614 -4.146116 1.245158 -2.799069 0.558004 0.523610 -2.097470 2.662091 -4.193049 4.793128 -5.511171 6.945599 -4.010036 6.059589 -5.879182 7.435240 -3.458290 7.392205 -2.706155 8.164848 -1.340103 8.773671 3.680700 4.952505 6.953561 8.156956 3.848774 3.746018
5.949100 4.647183 8.698270 4.575602 6.301336 2.812647 0.964259 4.713068 -0.955685 6.945100 -2.814993 4.600118 -3.041129 4.972675 -6.523562 6.993283 -4.093998 6.515469 -4.488826 4.252838 -3.032402 3.784101 -4.539197 4.933380 0.547527 3.046818 -0.286548 4.664460
4.053014 3.754448 6.785831 5.405920 4.881248 7.134567 7.470274 4.805546 6.458182 2.868292 9.486007 4.125914 4.174183 5.831247 3.894711 4.136344 4.426821 9.726748 6.444041 6.041650 5.858110 2.359301 3.948431 4.233263 5.546185 3.315113 6.541519 2.545528
4.119813 0.859538 7.120280 -2.990455 6.391920 -1.769234 6.452520 -5.105690 5.487099 -6.812870 5.740715 -5.430239 5.274105 -4.154245 4.708584 -3.375101 3.338517 -7.395290 3.922221 -1.914771 4.725392 -5.016801 6.437628 -4.460180 5.420356 -2.368389 7.944073 -4.002898
2.298289 -0.968609 6.055831 -1.503266 4.431407 0.624058 8.044844 1.251400 4.462280 4.815429 3.653083 4.548449 4.350016 9.728652 5.776336 4.395571 7.337089 6.569578 5.502409 1.679357 6.733861 1.414596 9.243721 0.343590 5.723003 -0.020638 7.070164 -6.361525
5.810020 -3.932392 4.328556 -6.507645 0.424471 -4.764977 1.181798 -7.870110 1.245841 -2.621641 -4.716964 -5.523655 -3.679242 -2.875399 -2.884364 -4.014151 -5.153069 -4.066735 -6.899464 -5.231022 -5.467937 -4.717906 -5.921610 -4.356167 -3.086835 -5.561099 -4.325106 -6.858032
-3.632978 -4.121008 -3.779783 -5.874493 -3.684513 -4.434045 -3.766695 -5.663652 -2.762640 -3.267310 -4.535324 0.015220 -7.017855 0.118376 -4.883251 1.295081 -2.491565 5.066948 -3.967859 5.488785 -3.078796 2.046652 -2.767688 4.680482 -5.177361 7.284008 -3.592069 3.803178
-3.838283 5.127867 -5.737064 6.491956 -6.616135 5.914459 -6.339417 3.698521 -6.316257 4.042354 -4.671062 3.431456 -2.968470 0.025383 -1.187860 3.715475 2.846769 -1.406088 -0.723041 0.313531 4.364792 -3.329998 4.063466 -7.553974 5.735861 -5.773457 6.441913 -4.963581
4.658309 -6.130203 8.110865 -4.104998 9.754640 -5.881141 8.575723 -4.240453 6.561809 -3.339298 7.393432 -5.126455 8.292091 -3.327882 5.509161 -4.129634 2.008574 -3.714711 1.117696 -3.245071 -0.650198 -5.694744 -5.144406 -6.084785 -2.749605 -6.272385 -5.095921 -4.754645
-7.079111 -6.383554 -4.940351 -4.051235 -5.785129 -5.059405 -1.173131 -3.024187 -0.671442 -4.872392 3.639668 -7.950067 6.777149 -6.858615 9.032732 -5.327805 6.001935 -6.131096 7.185562 -6.495604 3.187549 -4.214661 3.014604 -3.486614 1.278591 -5.825578 -1.944004 -5.517926
-2.925073 -5.915628 -5.294680 -7.645079 -6.462220 -5.318547 -4.087088 -3.530655 -2.769314 -2.153790 -2.862642 -3.968600 -0.215575 -5.301964 -0.033894 -4.710640 1.267405 -5.591454 1.445763 -4.426147 6.738533 -6.438913 8.780812 -6.382743 8.194759 -4.303974 5.182414 -4.986312
6.198748 -5.126119 6.936141 -5.935522 4.456351 -3.655032 5.759200 -5.836369 5.245863 -4.176803 1.637930 -2.311279 5.960180 -4.219608 4.753483 -4.205732 4.468823 -8.263984 7.699196 -6.405354 3.107518 -7.444495 2.571641 -4.946001 4.718667 -5.260703 4.839835 -3.470613
4.943803 -2.710500 4.795257 -2.625036 4.238498 -0.069390 5.261792 1.411950 5.918636 5.197469 5.983632 3.804193 5.931096 5.651601 8.821919 8.397378 2.367044 6.724045 5.728251 5.155594 3.769428 7.455809 3.006310 4.604086 6.097538 5.733760 5.026513 3.281642
3.818841 5.489807 3.529675 1.554252 6.452306 6.087004 6.012750 4.961867 4.082725 3.670281 3.995635 2.596695 6.000652 4.180748 8.473334 6.351430 5.921248 8.524389 3.280356 5.154214 2.414215 3.437891 1.442219 -0.592753 -0.208032 -0.403945 -0.623740 -3.910539
-3.329610 -4.993679 -6.508356 -1.707157 -5.611290 -7.197693 -4.884751 -3.764517 -6.099906 -3.707257 -5.230104 -5.433672 -7.037545 -2.930399 -5.018990 -5.621938 -4.195530 -5.046245 -5.798033 -3.389478 -3.544597 -3.535399 -7.503517 -3.979022 -6.156696 -2.225350 -3.199929 -4.632712
-1.578344 -6.391665 3.745617 -7.701369 5.146099 -7.982115 6.275724 -4.818035 8.233314 -4.946815 4.012653 -5.493609 6.305415 1.761395 1.858914 -1.194448 2.252243 -0.296634 -0.946799 3.098716 -4.146969 5.793217 -5.438262 7.253832 -6.831769 5.695938 -3.924253 3.299245
-2.602034 6.961982 -4.018223 4.693776 -0.944216 1.516542 5.779367 -1.518973 1.448729 -4.023476 5.131236 -2.256624 5.939117 -6.144781 7.625487 -4.105527 6.180239 -4.362535 3.678347 -5.002678 5.558852 -2.474737 3.453537 -5.686209 5.197476 -5.100926 1.376701 -7.157678
