-6.330380 -5.434390 -4.826976 -3.355114 -4.306377 -4.468185 1.647549 -6.432669 -0.446237 -3.079942 1.660898 -5.694191 4.987094 -4.931607 3.055832 -4.336118 6.159826 -4.360015 5.746398 -5.088698 3.214338 -0.315376 1.973323 3.227176 1.485752 1.970435 -1.785649 3.958195
-3.552015 2.983370 -1.053099 5.503726 -2.665091 6.445323 -6.521949 5.610369 -4.815370 5.848956 -5.505629 3.212899 -3.987983 0.902453 -7.475034 2.716120 -5.921787 -1.522609 -5.984418 -6.264458 -4.538432 -2.230113 -4.314564 -6.816391 -2.644742 -5.159496 1.732774 -3.871813
1.849537 -6.581916 2.707782 -3.980871 3.659410 -5.539435 7.209848 -5.423338 6.243558 -3.480449 4.745553 -4.363391 5.930065 -3.414161 4.411703 -1.094841 0.339790 -0.592252 -0.685628 -1.184453 -2.604733 2.906816 -4.775479 4.074287 -0.667486 5.760832 -0.353149 4.568964
-6.517745 9.108368 -6.644993 5.522135 -4.372193 7.476059 -5.680747 6.109417 -5.259994 5.222111 -4.535605 7.695256 -4.531920 4.948627 -3.617180 5.315855 -3.708882 2.047851 0.775271 1.682147 -0.522702 -0.449024 2.138388 -3.663205 4.417387 -2.432400 8.388221 -5.682217
7.516868 -6.006279 5.052815 -5.191257 3.441139 -4.674388 3.355078 -2.159247 1.731854 0.353894 -1.489878 3.349227 -2.824502 5.267477 -5.751392 4.795582 -6.127936 6.539913 -5.120915 7.365314 -3.759753 5.045149 -4.437740 3.877451 -2.194743 0.983101 -4.377520 -1.288918
-4.898969 -1.281830 -1.127238 -4.271485 -0.652125 -6.075952 -2.864764 -5.584989 -4.782164 -6.991549 -5.762549 -3.807664 -3.455656 -2.265416 -3.565309 -1.341588 -2.035210 -3.168548 -2.578778 -3.314980 -4.048261 -3.312017 -3.558637 -2.090417 -3.133163 -1.792252 -3.387073 -7.349289
-7.231490 -4.708608 -5.932250 -2.554896 -4.235499 -4.137949 -5.523983 -5.058288 -4.948182 -2.651624 -0.702848 -5.725085 -3.420385 -2.846300 -0.496675 -3.998417 1.620049 -4.808758 0.645086 -3.032289 3.725846 -6.865490 5.159340 -7.509315 2.672495 -5.283534 4.188945 -4.670186
5.578861 -4.808499 4.045812 -2.048519 4.606404 -0.569700 4.543800 2.178086 4.913942 4.588307 5.057113 5.365390 4.956749 8.328753 4.168615 5.894037 5.108036 6.272459 4.686491 1.072871 6.185342 1.578454 5.042930 -2.141742 4.783298 -2.900535 2.288796 -5.614056
4.302407 -7.074288 5.040555 -7.931149 4.561611 -4.805635 4.470074 -2.827804 3.178992 2.353724 3.484333 1.863536 4.956101 2.789917 5.274329 8.449739 3.889360 7.621946 3.009368 9.044515 3.936716 6.259696 4.760418 3.469493 6.096086 1.016168 6.783990 2.288121
5.515527 -6.601987 4.188654 -3.640985 5.544216 -7.379635 4.105544 -1.365739 4.759308 -7.800655 2.912433 -6.578167 1.178973 -5.466670 -1.499497 -1.787097 -1.691406 -2.052996 -3.573484 -4.164941 -4.680304 -2.945356 -3.413549 -3.534346 -3.541547 -4.857958 -5.586178 -5.246638
-4.518357 -4.104536 -5.681002 -6.218392 -6.267850 -4.352314 -5.277359 -5.550591 -3.842791 -2.817816 -5.453670 -3.222485 -2.778405 -2.072504 -2.739188 -3.628742 -2.134350 -2.717117 3.144346 -1.244468 2.029309 -3.907340 3.109755 -4.312699 5.855199 -3.363166 3.345403 -4.181580
4.189630 -5.529902 4.117074 -0.957044 7.494129 -5.919236 7.465002 -3.345479 4.767221 -4.472441 4.205386 -5.765787 5.831213 -4.556486 4.327684 -6.421600 6.424540 -4.397498 4.295597 -3.919946 4.142735 -4.055173 4.446358 -2.812991 7.704329 -5.006021 3.112216 -3.465866
3.408865 -3.683947 4.097446 -2.907211 5.496377 -2.486747 2.366566 -4.686657 5.904410 -3.459549 6.281475 -2.358355 7.041766 -2.544528 4.960670 -4.609734 1.869913 -4.429767 3.998729 -4.388993 3.286927 -3.111690 1.477327 -3.164377 0.285794 -6.214020 -0.786549 -7.399035
-1.893191 -3.116931 -3.523064 -3.820356 -4.778942 -4.691308 -1.003195 -3.773777 -4.536437 -3.625104 -2.813436 -4.509533 -5.891680 1.390085 -1.228911 2.982888 -2.640507 5.189006 -4.292337 2.452830 -0.809377 6.554070 -3.327040 3.838928 -4.559206 5.450000 -2.785645 1.212671
-4.924295 0.173164 -5.684012 -0.796287 -5.010742 -2.107768 -3.184223 -2.587619 -1.219446 -5.029263 -3.760420 -5.282266 -2.839993 -4.576656 -4.771380 -3.791817 -6.712577 -4.924206 -6.182847 -4.672622 -5.551414 -4.215000 -4.816820 -1.594169 -6.762734 -3.515424 -4.686234 -3.033355
-1.934398 -3.241590 -2.519529 -3.540891 4.396095 -3.293919 4.103541 -3.363220 4.376439 -4.813121 8.012085 -5.077529 5.290139 -3.573617 8.461626 -2.156818 3.060304 -7.122623 2.190571 -0.572990 0.767560 -2.508018 -2.739594 -5.483519 -5.373977 -4.512245 -3.660822 -4.032928
-5.130347 -4.251156 -4.300057 -3.423838 -4.078339 -3.346518 -3.106811 -5.958697 -1.807525 -4.255890 2.914850 -4.438722 3.242544 -5.137748 3.980706 -2.344630 4.587604 -3.155855 8.167776 -4.780069 6.781484 -2.474262 5.547465 -4.756647 5.468764 -4.004129 5.890300 -2.028750
4.212726 -5.320187 4.094025 -2.905802 4.974277 -4.182685 4.291887 -6.136369 3.693624 -4.267756 5.884809 -4.144731 6.633561 -5.307126 4.890363 -4.463942 5.301456 -3.679419 6.499785 -5.155533 4.408805 -6.783411 4.493387 -6.978628 5.005817 -2.363618 0.865279 -2.629286
-1.354567 -0.620154 1.494953 0.822688 -2.835174 4.998527 -2.323736 6.849750 -6.891985 8.091268 -5.476489 3.814835 -6.160306 3.963744 -6.345719 3.221158 -3.659200 -0.066724 -5.277121 -0.590044 -3.419500 -4.535921 -4.205768 -4.923060 -2.847146 -4.342217 -2.912241 -4.499529
-1.714869 -5.903335 -3.905186 -5.632034 -5.823594 -3.639165 -5.169083 -7.436625 -6.407948 -7.396999 -5.454542 -6.940735 -6.841340 -4.222644 -5.134847 -4.978658 -1.211053 -2.949053 0.112011 -2.600428 2.873337 0.185087 3.696820 0.830613 7.094078 4.563550 7.753881 7.892699
6.057178 8.076975 7.148702 6.930091 6.286119 3.051470 2.132044 4.379521 -0.224368 2.019697 -2.045575 -1.253904 -5.082239 -2.618740 -4.792268 -6.332926 -6.391763 -8.826156 -6.329589 -6.020224 -2.826182 -3.645137 -2.660257 -2.077258 -0.659381 0.577685 -0.859040 3.171637
5.368703 4.180069 2.892525 5.206575 6.875471 4.804411 8.290966 6.226631 6.872624 6.326932 6.578069 1.013048 5.326004 -0.528234 4.808749 -1.066150 8.142841 -4.551960 5.154139 -5.806239 4.806027 -5.160160 6.353507 -5.175350 5.251821 -4.823668 3.460953 -4.140527
6.146517 -4.306747 3.445565 -7.806798 6.666013 -5.909064 4.533197 -4.906002 2.556969 -2.777212 6.098302 -3.228574 2.994643 -0.966138 3.757469 -2.045315 4.236428 2.249828 4.980403 3.505869 5.833136 4.599542 6.137476 4.521352 5.644990 6.439388 5.415204 5.031911
3.688936 3.387914 4.792356 4.347175 3.408350 1.833991 3.643028 -0.145594 3.151283 -0.977038 5.230227 -5.511588 3.659972 -3.597697 3.404340 -3.217789 6.392679 -6.697434 6.496541 -6.001575 5.311660 -4.516969 4.997430 -2.048066 1.463298 -5.370532 5.012696 -2.789968
5.471399 -2.638870 2.844576 -1.777620 6.252001 -0.922062 5.780735 -0.897640 2.998270 -1.154106 4.666697 1.883904 6.024452 4.114374 7.852704 4.803770 4.580668 5.904452 5.400846 5.262095 3.824283 4.509241 2.091090 1.145989 0.198291 0.880882 -1.023132 0.370757
-3.528017 -3.732555 -2.964509 -3.189332 -4.407844 -3.915952 -3.911979 -5.426225 -4.636318 -8.139364 -4.853427 -3.837420 -4.528247 -7.192867 -4.697484 -2.920715 -4.229591 -0.664620 -4.500700 -3.542296 -2.041248 -4.063381 -5.546498 -4.586121 0.148601 -3.750953 -0.175332 0.405789
1.022856 -4.360384 -0.541870 -5.836226 3.548035 -6.911342 4.946150 -3.486631 3.457245 -9.046659 4.440251 -4.330920 4.713658 -2.335692 5.965595 -0.231912 4.437367 4.034417 7.037642 4.339897 5.680336 2.973026 7.254996 6.212311 6.290224 4.054729 2.349297 2.224257
2.215945 5.723985 4.372221 1.992184 -0.722479 -0.295830 -2.278615 -2.904959 -5.258677 -2.916975 -7.285263 -4.733383 -5.163596 -6.307018 -4.554594 -7.841594 -2.469617 -4.616613 -3.929720 -1.952773 -1.098398 1.343219 3.132764 1.437787 4.403310 2.173339 7.760449 4.995400
